date,open,high,low,close,volume,turnover,transactions,price_change,close_adj
20100104,14.85,15.35,14.8,15.2,23729549,359212206,5139,0.45,8.784131212220993
20100105,15.4,15.7,15.15,15.5,38468589,595449857,7567,0.3,8.957502222988513
20100106,15.7,15.85,15.4,15.45,22874529,357071618,4596,-0.05,8.928607054527259
20100107,15.45,15.7,14.9,14.9,16505800,253421025,3841,-0.55,8.610760201453473
20100108,14.8,15.55,14.8,15.5,43256361,658283069,14687,0.6,8.957502222988513
20100111,15.5,15.85,15.5,15.5,36078909,566495416,8314,0.0,8.957502222988513
20100112,15.95,16.55,15.95,16.05,90273424,1475261548,13386,0.55,9.275349076062298
20100113,15.8,15.95,15.55,15.6,28514295,448906385,5982,-0.45,9.01529255991102
20100114,15.5,15.8,15.5,15.6,15565839,242984472,3519,0.0,9.01529255991102
20100115,15.65,15.9,15.5,15.7,16674479,261510795,3698,0.1,9.07308289683353
20100118,15.5,16.05,15.5,15.7,24224289,383807753,4994,0.0,9.07308289683353
20100119,15.7,15.9,15.4,15.4,12365674,192323431,2771,-0.3,8.899711886066008
20100120,15.5,15.75,15.2,15.2,10188629,157053906,2308,-0.2,8.784131212220993
20100121,15.2,15.3,14.9,14.9,11737861,176403939,2756,-0.3,8.610760201453473
20100122,14.7,14.85,14.5,14.5,12195323,178879392,2704,-0.4,8.379598853763445
20100125,14.2,14.6,14.2,14.25,7429685,106828913,1889,-0.25,8.23512301145718
20100126,14.4,14.5,13.35,13.45,13133286,182090649,3056,-0.8,7.772800316077129
20100127,13.45,13.75,13.2,13.4,9272513,125110372,2311,-0.05,7.743905147615875
20100128,13.55,13.9,13.5,13.8,6170478,84895626,1682,0.4,7.975066495305904
20100129,13.6,13.75,13.3,13.45,5534720,74833728,1607,-0.35,7.772800316077129
20100201,13.65,13.7,13.2,13.3,5976822,80354836,1489,-0.15,7.68611481069337
20100202,13.4,13.55,12.4,12.45,16574990,214533220,3421,-0.85,7.1948969468520625
20100203,12.6,12.75,12.1,12.45,15506653,191660848,3159,0.0,7.1948969468520625
20100204,12.45,12.75,12.35,12.7,5264532,66293442,1423,0.25,7.33937278915833
20100205,12.3,12.35,11.9,12.0,11722443,141768640,2430,-0.7,6.934840430700785
20100206,12.0,12.05,11.25,11.7,10269685,119433820,1879,-0.3,6.761469419933261
20100208,11.8,12.15,11.75,12.0,5676895,68168516,1480,0.3,6.934840430700785
20100209,12.0,12.5,11.8,12.3,7242014,88336652,1954,0.3,7.108211441468305
20100210,12.35,12.65,12.3,12.4,7581373,94356107,1860,0.1,7.166001778390809
20100222,12.65,12.7,12.4,12.5,5224806,65593817,1167,0.1,7.22379211531332
20100223,12.5,12.7,12.25,12.5,6509731,81537380,1560,0.0,7.22379211531332
20100224,12.4,12.45,12.2,12.25,4815615,59354702,1362,-0.25,7.079316273007048
20100225,12.3,12.4,12.05,12.1,4883234,59588457,1568,-0.15,6.992630767623291
20100226,12.1,12.5,12.1,12.2,10023466,123593070,2261,0.1,7.050421104545796
20100301,12.3,13.05,12.25,13.05,21146276,271548220,4237,0.85,7.541638968387104
20100302,13.05,13.05,12.75,12.85,11270428,145165724,2307,-0.2,7.4260582945420905
20100303,12.85,13.35,12.75,13.35,15963360,208964507,3482,0.5,7.715009979154623
20100304,13.4,13.65,13.1,13.15,23629838,317005698,4533,-0.2,7.599429305309608
20100305,13.45,13.45,13.15,13.15,7384493,97888599,1788,0.0,7.599429305309608
20100308,13.7,13.85,13.5,13.5,17146111,234698182,3764,0.35,7.801695484538382
20100309,13.7,13.7,13.15,13.3,7092931,94350558,1893,-0.2,7.68611481069337
20100310,13.3,13.4,13.15,13.15,4552515,60308353,1142,-0.15,7.599429305309608
20100311,13.2,13.3,13.0,13.0,6124383,80336229,1468,-0.15,7.512743799925849
20100312,13.3,13.45,13.1,13.1,13034892,173284913,2368,0.1,7.570534136848356
20100315,13.15,13.25,12.85,13.0,5539353,72058089,1469,-0.1,7.512743799925849
20100316,13.0,13.15,12.9,13.1,4739949,61789357,1181,0.1,7.570534136848356
20100317,13.2,13.3,13.1,13.25,5632093,74299102,1462,0.15,7.657219642232116
20100318,13.35,13.45,13.3,13.3,7812721,104425802,1785,0.05,7.68611481069337
20100319,13.4,13.5,13.3,13.45,6120932,82008020,1685,0.15,7.772800316077129
20100322,13.3,13.45,13.25,13.25,5034069,67022891,1357,-0.2,7.657219642232116
20100323,13.35,13.35,13.0,13.1,8021044,105476552,2183,-0.15,7.570534136848356
20100324,13.25,13.25,13.1,13.1,5651119,74474517,1477,0.0,7.570534136848356
20100325,13.15,13.2,13.05,13.1,3393950,44551079,835,0.0,7.570534136848356
20100326,13.2,13.35,13.15,13.35,4708823,62415071,1178,0.25,7.715009979154623
20100329,13.4,13.7,13.3,13.45,13143611,177972728,2883,0.1,7.772800316077129
20100330,13.55,13.6,13.4,13.4,5681657,76740384,1265,-0.05,7.743905147615875
20100331,13.4,13.55,13.35,13.4,4037604,54219720,934,0.0,7.743905147615875
20100401,13.5,14.3,13.5,14.1,34010546,479223060,6968,0.7,8.148437506073417
20100402,14.1,14.2,13.9,13.9,7911554,110722815,2053,-0.2,8.032856832228411
20100406,14.1,14.1,13.8,13.85,6709879,93574174,1624,-0.05,8.003961663767155
20100407,13.9,14.5,13.9,14.4,33425541,479975445,6747,0.55,8.321808516840942
20100408,14.35,14.65,14.15,14.3,20639820,297611481,4425,-0.1,8.264018179918434
20100409,14.4,14.55,14.15,14.3,8075841,115954098,2177,0.0,8.264018179918434
20100412,14.5,14.5,14.2,14.25,6462697,92489601,1586,-0.05,8.23512301145718
20100413,14.15,14.25,13.8,13.9,6327784,88795573,1539,-0.35,8.032856832228411
20100414,13.9,14.1,13.9,14.05,3188296,44562180,1049,0.15,8.119542337612168
20100415,14.2,14.5,14.1,14.35,9911119,142409911,2348,0.3,8.292913348379688
20100416,14.5,14.65,14.3,14.4,17561298,254607811,3111,0.05,8.321808516840942
20100419,14.25,14.45,13.6,13.6,14472042,203692853,2622,-0.8,7.859485821460889
20100420,13.7,13.75,13.4,13.5,8141666,110571579,1718,-0.1,7.801695484538382
20100421,13.6,13.85,13.6,13.6,5174723,70912454,1102,0.1,7.859485821460889
20100422,13.6,13.7,13.3,13.5,4372477,58766233,1416,-0.1,7.801695484538382
20100423,13.5,13.6,13.3,13.35,4731596,63357502,1288,-0.15,7.715009979154623
20100426,13.5,13.75,13.5,13.65,5529346,75533985,1288,0.3,7.888380989922145
20100427,13.7,13.75,13.5,13.55,2666016,36262700,704,-0.1,7.830590652999636
20100428,13.1,13.55,13.05,13.45,9626914,128017431,1788,-0.1,7.772800316077129
20100429,13.7,13.8,13.55,13.7,8347562,114281072,1973,0.25,7.917276158383395
20100430,13.85,13.85,13.3,13.35,7361048,100288572,1784,-0.35,7.715009979154623
20100503,13.45,13.6,13.3,13.35,3861483,51805127,895,0.0,7.715009979154623
20100504,13.45,13.5,13.2,13.2,3612582,48071740,803,-0.15,7.628324473770861
20100505,12.95,12.95,12.55,12.6,8289713,105225770,1659,-0.6,7.281582452235823
20100506,12.6,12.7,12.2,12.3,6666070,82771755,1254,-0.3,7.108211441468305
20100507,11.9,12.3,11.65,12.3,12848673,153179316,2056,0.0,7.108211441468305
20100510,12.3,12.55,12.25,12.45,12361677,153701116,1983,0.15,7.1948969468520625
20100511,12.5,12.65,12.3,12.3,4968208,62111397,1092,-0.15,7.108211441468305
20100512,12.4,12.5,12.05,12.05,6123414,75439915,1279,-0.25,6.963735599162037
20100513,12.3,12.55,12.25,12.3,13594726,168340209,1804,0.25,7.108211441468305
20100514,12.35,12.5,12.3,12.4,10392008,128789789,1507,0.1,7.166001778390809
20100517,12.25,12.3,11.9,11.9,10439790,125771131,1561,-0.5,6.877050093778276
20100518,12.0,12.2,11.95,12.0,4323448,52057690,965,0.1,6.934840430700785
20100519,11.9,12.8,11.9,12.8,30464036,384089396,5072,0.8,7.397163126080838
20100520,12.9,13.05,12.4,12.4,25825631,331052933,4834,-0.4,7.166001778390809
20100521,12.0,12.15,11.8,12.0,13575732,162872209,2638,-0.4,6.934840430700785
20100524,12.3,12.8,12.2,12.8,13951227,175807940,3399,0.8,7.397163126080838
20100525,12.8,13.35,12.35,12.5,56077401,724285202,12020,-0.3,7.22379211531332
20100526,12.9,13.05,12.7,12.7,15599737,200748438,3743,0.2,7.33937278915833
20100527,12.7,13.15,12.7,13.1,18212680,236377095,3634,0.4,7.570534136848356
20100528,13.35,13.6,13.05,13.3,33603071,449033579,6527,0.2,7.68611481069337
20100531,13.35,13.75,13.35,13.4,24770305,336148920,4651,0.1,7.743905147615875
20100601,13.4,13.45,13.05,13.05,12923907,171753623,3078,-0.35,7.541638968387104
20100602,13.05,13.3,12.8,12.85,9680108,126300976,2322,-0.2,7.4260582945420905
20100603,13.1,13.15,12.9,12.95,8423166,109633739,1737,0.1,7.483848631464597
20100604,13.05,13.1,12.8,12.8,6638153,86016505,2062,-0.15,7.397163126080838
20100607,12.4,12.55,12.3,12.4,6935749,86215569,1726,-0.4,7.166001778390809
20100608,12.45,12.75,12.45,12.5,7544071,94862381,1660,0.1,7.22379211531332
20100609,12.6,12.8,12.3,12.35,7136528,89567315,1755,-0.15,7.137106609929558
20100610,12.4,12.6,12.4,12.45,7357824,91807794,1547,0.1,7.1948969468520625
20100611,12.7,12.95,12.65,12.65,13126981,167600148,2246,0.2,7.310477620697077
20100614,12.8,13.05,12.75,12.9,16682519,215260882,2772,0.25,7.454953463003345
20100615,13.0,13.6,13.0,13.3,43622695,583040922,7580,0.4,7.68611481069337
20100617,13.5,13.5,13.15,13.2,16155615,215416755,3193,-0.1,7.628324473770861
20100618,13.25,13.3,13.0,13.15,9083781,119653607,1952,-0.05,7.599429305309608
20100621,13.4,14.05,13.4,13.95,37361081,514571793,7140,0.8,8.06175200068966
20100622,13.95,14.45,13.95,14.3,41725419,596341143,7201,0.35,8.264018179918434
20100623,14.3,14.5,13.9,13.95,29996565,425246950,5634,-0.35,8.06175200068966
20100624,14.1,14.45,14.05,14.25,23471059,335355318,4707,0.3,8.23512301145718
20100625,14.0,14.15,13.8,13.85,19775976,275691151,3912,-0.4,8.003961663767155
20100628,14.0,14.7,14.0,14.25,50015986,722453125,8276,0.4,8.23512301145718
20100629,14.3,14.35,13.9,14.0,14261189,200629711,3459,-0.25,8.090647169150914
20100630,13.6,14.2,13.55,14.0,20420273,285900072,4710,0.0,8.090647169150914
20100701,14.15,14.35,13.8,14.3,27599530,389528466,4961,+0.30,8.264018179918434
20100702,14.4,14.7,14.25,14.25,32618402,473609607,6341,-0.05,8.23512301145718
20100705,14.3,14.6,14.25,14.35,13484602,194264815,2560,+0.10,8.292913348379688
20100706,14.3,14.45,14.2,14.35,14745733,211046894,2751, 0.00,8.292913348379688
20100707,14.4,14.9,14.2,14.25,63620295,927747837,10338,-0.10,8.23512301145718
20100708,14.5,14.55,14.2,14.25,20655195,296637406,4623, 0.00,8.23512301145718
20100709,14.4,14.45,14.15,14.2,11542274,165055366,2682,-0.05,8.206227842995927
20100712,14.2,14.35,14.05,14.1,9364618,132108094,2561,-0.10,8.148437506073417
20100713,14.2,14.2,13.85,13.85,8113254,113446249,2495,-0.25,8.003961663767155
20100714,14.0,14.15,13.9,13.9,10074503,141320765,2253,+0.05,8.032856832228411
20100715,14.0,14.2,13.9,13.95,8850702,124284272,1838,+0.05,8.06175200068966
20100716,14.0,14.1,13.85,13.95,11652795,162300725,2096, 0.00,8.06175200068966
20100719,13.8,14.1,13.8,13.95,7468331,104587004,1893, 0.00,8.06175200068966
20100720,14.0,14.0,13.8,13.9,6349125,88059217,1522,-0.05,8.032856832228411
20100721,13.9,13.9,13.65,13.75,11995753,164893533,2128,-0.15,7.946171326844648
20100722,13.75,14.0,13.7,13.9,12981601,180269455,2285,+0.15,8.032856832228411
20100723,13.7,13.95,13.7,13.7,19164238,264459981,3557,X0.00,8.13414067924346
20100726,13.85,14.1,13.8,13.9,12590920,175778573,2584,+0.20,8.252887258502492
20100727,14.0,14.05,13.75,13.8,5921525,81976282,1162,-0.10,8.193513968872974
20100728,13.8,14.25,13.8,14.05,22660020,319215296,4263,+0.25,8.341947192946764
20100729,14.05,14.15,13.85,14.0,10279663,144072482,2200,-0.05,8.312260548132004
20100730,14.05,14.15,13.85,13.9,6940591,97137602,1532,-0.10,8.252887258502492
20100802,14.0,14.3,13.95,14.15,19598748,278106056,3388,+0.25,8.401320482576274
20100803,14.25,14.4,14.15,14.15,16578622,236929625,2747, 0.00,8.401320482576274
20100804,14.2,14.4,14.15,14.35,12121959,172678930,2556,+0.20,8.520067061835304
20100805,14.45,14.8,14.25,14.75,56311332,820874985,8891,+0.40,8.757560220353362
20100806,14.8,14.9,14.6,14.75,27432817,404748325,4236, 0.00,8.757560220353362
20100809,14.9,15.35,14.9,15.05,38161570,577830880,6012,+0.30,8.935680089241908
20100810,15.1,15.4,15.0,15.0,38048529,577033385,6178,-0.05,8.90599344442715
20100811,15.0,15.2,14.7,14.8,24561437,367465845,4426,-0.20,8.787246865168122
20100812,14.6,15.0,14.6,14.9,17139986,254722579,3300,+0.10,8.846620154797634
20100813,15.0,15.15,14.85,15.0,27273948,409831370,4281,+0.10,8.90599344442715
20100816,15.0,15.65,14.9,15.35,46520136,714542400,8336,+0.35,9.113799958130448
20100817,15.5,16.0,15.4,15.5,57552309,908329964,8638,+0.15,9.20285989257472
20100818,15.85,16.15,15.7,15.8,49395275,788120041,7981,+0.30,9.380979761463262
20100819,15.9,15.95,15.3,15.35,19363665,300170027,3953,-0.45,9.113799958130448
20100820,15.35,15.6,15.3,15.45,14687916,226925466,2771,+0.10,9.173173247759962
20100823,15.6,16.2,15.55,15.75,37980679,606554163,5932,+0.30,9.351293116648504
20100824,15.8,16.05,15.4,15.4,31123703,491782453,4455,-0.35,9.143486602945206
20100825,15.3,15.3,14.45,14.55,30915572,458297643,5016,-0.85,8.638813641094334
20100826,14.9,14.9,14.45,14.45,15544071,227316302,3018,-0.10,8.57944035146482
20100827,14.45,14.8,14.45,14.65,11167406,163913985,2755,+0.20,8.698186930723844
20100830,14.8,14.95,14.5,14.5,7698535,113488414,1908,-0.15,8.609126996279578
20100831,14.5,14.6,14.0,14.2,8864194,126370025,2075,-0.30,8.431007127391032
20100901,14.4,14.7,14.3,14.7,6167482,89934471,1830,+0.50,8.727873575538604
20100902,15.0,15.2,14.8,14.8,15519991,232611345,3338,+0.10,8.787246865168122
20100903,15.0,15.0,14.65,14.8,9905997,146171902,2423, 0.00,8.787246865168122
20100906,14.95,14.95,14.65,14.7,12204646,179986945,2545,-0.10,8.727873575538604
20100907,14.75,14.9,14.45,14.45,18502753,270779734,3894,-0.25,8.57944035146482
20100908,14.45,14.55,14.15,14.15,13189787,188579092,2702,-0.30,8.401320482576274
20100909,14.35,14.4,14.1,14.15,6490195,92287730,1531, 0.00,8.401320482576274
20100910,14.2,14.35,14.0,14.05,12293404,173438370,2373,-0.10,8.341947192946764
20100913,14.25,14.5,14.2,14.4,13957130,200405073,2477,+0.35,8.549753706650062
20100914,14.5,14.7,14.4,14.5,10385057,151100654,2419,+0.10,8.609126996279578
20100915,14.5,14.65,14.3,14.45,14185119,205085118,2745,-0.05,8.57944035146482
20100916,14.5,14.7,14.4,14.4,13568783,197516594,2318,-0.05,8.549753706650062
20100917,14.5,15.05,14.5,15.05,30826834,457584495,6111,+0.65,8.935680089241908
20100920,15.15,15.5,15.1,15.2,35759220,547839567,7689,+0.15,9.024740023686178
20100921,15.5,15.6,15.2,15.25,24263863,373715824,5544,+0.05,9.054426668500934
20100923,15.25,15.35,14.9,15.0,9747612,146503130,2315,-0.25,8.90599344442715
20100924,15.0,15.2,14.75,14.8,12378404,184337361,2567,-0.20,8.787246865168122
20100927,14.9,15.05,14.7,14.7,15439100,230152871,2568,-0.10,8.727873575538604
20100928,14.85,14.85,14.6,14.6,5704317,83908797,1333,-0.10,8.66850028590909
20100929,14.65,15.1,14.6,14.9,18396919,274547980,3190,+0.30,8.846620154797634
20100930,14.95,15.0,14.65,14.7,6828086,100872629,1629,-0.20,8.727873575538604
20101001,14.8,15.1,14.8,14.85,10313957,154142367,1997,+0.15,8.816933509982878
20101004,14.95,15.5,14.9,15.3,33480299,511527645,5949,+0.45,9.084113313315692
20101005,15.5,15.6,15.1,15.2,28693970,441898494,5427,-0.10,9.024740023686178
20101006,15.35,16.25,15.35,16.25,104342019,1665984201,17692,+1.05,9.648159564796076
20101007,16.5,16.75,16.15,16.2,91027556,1499394424,16610,-0.05,9.618472919981318
20101008,16.25,16.5,16.1,16.15,29457870,480607693,6601,-0.05,9.58878627516656
20101011,16.25,16.3,15.7,15.75,24130673,383492056,5765,-0.40,9.351293116648504
20101012,15.75,16.05,15.55,15.65,14403324,226895537,3271,-0.10,9.29191982701899
20101013,15.8,15.95,15.6,15.95,12288387,193888810,2693,+0.30,9.470039695907532
20101014,16.1,16.25,15.75,15.8,18518361,295635715,4059,-0.15,9.380979761463262
20101015,15.8,16.1,15.65,15.8,15871920,252231746,3597, 0.00,9.380979761463262
20101018,15.9,16.25,15.55,15.55,18940296,300993765,3875,-0.25,9.232546537389478
20101019,15.6,16.0,15.55,15.55,10817777,170448301,2624, 0.00,9.232546537389478
20101020,15.5,15.85,15.45,15.8,8082408,127303014,1900,+0.25,9.380979761463262
20101021,15.8,15.9,15.6,15.65,8576313,134702162,1964,-0.15,9.29191982701899
20101022,15.75,16.05,15.7,15.95,22246405,354233191,4302,+0.30,9.470039695907532
20101025,16.1,16.25,15.95,16.1,18890851,304345616,3742,+0.15,9.559099630351804
20101026,16.2,16.35,15.85,16.35,24190816,390190706,4436,+0.25,9.70753285442559
20101027,16.45,16.5,15.9,16.35,23607373,383307126,4289, 0.00,9.70753285442559
20101028,16.35,16.35,15.9,15.9,9449070,152022024,2181,-0.45,9.440353051092776
20101029,16.1,16.2,15.8,15.8,12247279,195496434,2487,-0.10,9.380979761463262
20101101,15.9,16.3,15.9,16.05,23201668,375191738,5287,+0.25,9.529412985537048
20101102,16.1,16.45,16.05,16.05,20773060,337482459,5211, 0.00,9.529412985537048
20101103,16.2,16.35,15.65,15.7,18221502,292205097,4001,-0.35,9.321606471833746
20101104,15.7,15.95,15.7,15.85,9317670,147299082,2296,+0.15,9.410666406278017
20101105,16.05,16.7,16.05,16.45,54198919,889797991,10831,+0.60,9.766906144055106
20101108,16.75,17.15,16.55,17.0,52605498,888624171,11529,+0.55,10.093459237017434
20101109,17.2,17.45,16.85,16.85,40809603,698314567,9529,-0.15,10.004399302573164
20101110,17.0,17.3,16.8,16.85,28825235,491554501,6292, 0.00,10.004399302573164
20101111,16.95,17.3,16.6,17.25,24898032,422533228,6546,+0.40,10.241892461091217
20101112,17.25,17.35,16.6,16.6,21394368,362358733,5482,-0.65,9.855966078499378
20101115,16.5,16.6,15.65,15.65,20708407,331637221,4800,-0.95,9.29191982701899
20101116,15.65,16.0,15.6,16.0,9356801,148341816,2557,+0.35,9.499726340722288
20101117,15.9,16.0,15.7,15.85,6517178,103399826,1916,-0.15,9.410666406278017
20101118,15.95,16.1,15.85,16.05,5720981,91485768,1683,+0.20,9.529412985537048
20101119,16.15,16.25,15.85,15.85,6757245,108505515,1935,-0.20,9.410666406278017
20101122,16.05,16.35,16.05,16.1,14620013,237441833,3612,+0.25,9.559099630351804
20101123,16.1,16.25,15.95,15.95,7667004,122945064,1833,-0.15,9.470039695907532
20101124,15.8,16.05,15.75,15.95,7826916,124402839,1938, 0.00,9.470039695907532
20101125,16.05,16.1,15.8,15.8,5928924,94320130,1553,-0.15,9.380979761463262
20101126,15.9,16.0,15.75,15.85,8923752,141363965,2078,+0.05,9.410666406278017
20101129,16.2,16.45,16.1,16.25,18924665,308133697,4289,+0.40,9.648159564796076
20101130,16.35,16.35,15.9,16.0,11848642,190552172,3330,-0.25,9.499726340722288
20101201,16.1,16.55,16.0,16.4,31571228,517288436,6131,+0.40,9.737219499240346
20101202,16.65,16.7,16.25,16.3,20420195,336929232,4398,-0.10,9.677846209610834
20101203,16.3,16.35,16.05,16.1,13854796,223764684,2739,-0.20,9.559099630351804
20101206,16.1,16.4,16.1,16.15,13317007,216661873,2586,+0.05,9.58878627516656
20101207,16.4,16.45,16.25,16.25,14964792,244928432,2942,+0.10,9.648159564796076
20101208,16.4,16.5,16.2,16.25,9260383,151258451,2314, 0.00,9.648159564796076
20101209,16.35,16.35,16.1,16.1,9075554,146646278,2224,-0.15,9.559099630351804
20101210,16.05,16.1,15.7,15.8,18106412,286765329,3240,-0.30,9.380979761463262
20101213,15.9,16.05,15.85,15.9,7527282,120246304,1920,+0.10,9.440353051092776
20101214,16.0,16.25,15.95,16.05,15718052,253837798,3703,+0.15,9.529412985537048
20101215,16.15,16.3,16.05,16.2,10738231,173868397,2273,+0.15,9.618472919981318
20101216,16.3,16.55,16.2,16.3,24058839,395250474,5515,+0.10,9.677846209610834
20101217,16.5,16.85,16.4,16.4,25807712,428257232,5689,+0.10,9.737219499240346
20101220,16.35,16.4,16.15,16.15,13718863,223179320,2412,-0.25,9.58878627516656
20101221,16.2,16.35,16.0,16.2,12020582,194687454,2567,+0.05,9.618472919981318
20101222,16.3,16.35,16.0,16.1,13898539,223701820,2423,-0.10,9.559099630351804
20101223,16.2,16.45,16.1,16.1,17734482,287956466,3708, 0.00,9.559099630351804
20101224,16.2,16.25,16.05,16.1,7759255,125041273,1890, 0.00,9.559099630351804
20101227,16.2,16.3,16.05,16.15,10078448,163210541,1927,+0.05,9.58878627516656
20101228,16.3,16.3,16.05,16.15,6804648,110045532,1650, 0.00,9.58878627516656
20101229,16.25,16.6,16.15,16.35,26458049,434473111,6109,+0.20,9.70753285442559
20101230,16.5,16.75,16.35,16.45,19559030,324230662,4533,+0.10,9.766906144055106
20101231,16.55,16.9,16.4,16.4,36490842,609205821,7154,-0.05,9.737219499240346
20110103,16.5,16.9,16.5,16.7,29848169,499459315,5507,+0.30,9.915339368128889
20110104,16.8,16.85,16.4,16.4,18653811,309974661,3762,-0.30,9.737219499240346
20110105,16.7,17.15,16.45,16.5,47659085,802239030,9172,+0.10,9.796592788869862
20110106,16.55,16.9,16.4,16.85,21678629,362460456,4445,+0.35,10.004399302573164
20110107,17.0,17.3,16.2,16.3,36329755,612312684,8375,-0.55,9.677846209610834
20110110,16.4,16.55,15.95,16.15,13031384,210792778,3126,-0.15,9.58878627516656
20110111,16.15,16.3,16.1,16.15,8034907,130089617,2572, 0.00,9.58878627516656
20110112,16.2,16.35,16.2,16.25,9359724,152364227,2446,+0.10,9.648159564796076
20110113,16.4,16.45,15.95,16.05,12874474,207964079,2774,-0.20,9.529412985537048
20110114,16.1,16.25,16.05,16.05,6108036,98356705,1489, 0.00,9.529412985537048
20110117,16.1,16.15,15.55,15.55,17800659,280101054,3600,-0.50,9.232546537389478
20110118,15.55,15.7,15.45,15.65,8171157,126917173,2123,+0.10,9.29191982701899
20110119,15.65,15.7,15.5,15.6,11489468,179087669,2481,-0.05,9.262233182204236
20110120,15.6,15.65,15.3,15.4,8499391,131134550,1975,-0.20,9.143486602945206
20110121,15.35,15.45,15.2,15.2,7987346,122029310,1900,-0.20,9.024740023686178
20110124,15.25,15.3,15.05,15.05,9884915,149561154,2043,-0.15,8.935680089241908
20110125,15.2,15.25,15.1,15.1,6787642,102799369,1502,+0.05,8.965366734056664
20110126,15.1,15.35,15.1,15.15,8710715,132226852,1837,+0.05,8.99505337887142
20110127,15.2,15.25,15.05,15.05,7234703,109448101,1590,-0.10,8.935680089241908
20110128,15.15,15.15,14.9,14.95,7249218,108687078,1764,-0.10,8.87630679961239
20110208,15.05,15.05,14.65,14.65,9056037,133701364,2348,-0.30,8.698186930723844
20110209,14.7,15.0,14.7,14.7,7873150,116653799,1826,+0.05,8.727873575538604
20110210,14.75,14.9,14.65,14.65,5053297,74449452,1278,-0.05,8.698186930723844
20110211,14.75,14.75,13.9,14.0,9793670,139800829,2130,-0.65,8.312260548132004
20110214,14.1,14.35,14.0,14.05,7199159,101833661,1637,+0.05,8.341947192946764
20110215,14.05,14.25,13.9,14.0,4955274,69693879,1458,-0.05,8.312260548132004
20110216,14.15,14.2,14.05,14.05,2814978,39780671,853,+0.05,8.341947192946764
20110217,14.05,14.15,13.9,13.95,6389124,89424006,1475,-0.10,8.282573903317246
20110218,14.0,14.55,14.0,14.45,13333188,191969137,3007,+0.50,8.57944035146482
20110221,14.45,14.45,14.15,14.15,4557827,64794460,1392,-0.30,8.401320482576274
20110222,14.0,14.05,13.5,13.65,9082985,124766083,2228,-0.50,8.104454034428706
20110223,13.5,13.9,13.5,13.55,6603674,90258469,1594,-0.10,8.04508074479919
20110224,13.65,13.8,13.55,13.6,3332290,45521229,831,+0.05,8.074767389613948
20110225,13.65,13.7,13.0,13.3,10520540,139001868,2341,-0.30,7.896647520725403
20110301,13.4,13.4,13.2,13.35,3198293,42559004,1088,+0.05,7.926334165540161
20110302,13.2,13.45,13.1,13.3,3519406,46916723,1087,-0.05,7.896647520725403
20110303,13.4,13.45,13.25,13.35,3467276,46229065,845,+0.05,7.926334165540161
20110304,13.5,13.5,13.1,13.2,7362829,97539125,1682,-0.15,7.837274231095888
20110307,13.1,13.15,12.8,12.9,6933649,89531300,1527,-0.30,7.659154362207346
20110308,12.85,13.1,12.75,12.85,10123757,130763304,2117,-0.05,7.629467717392591
20110309,12.95,13.05,12.85,12.85,7184137,92874547,1474, 0.00,7.629467717392591
20110310,12.85,13.2,12.85,13.05,7900495,103072021,1853,+0.20,7.748214296651615
20110311,13.0,13.15,12.85,13.05,5558144,72316466,1173, 0.00,7.748214296651615
20110314,13.05,13.2,12.75,12.8,7451545,96255514,1582,-0.25,7.599781072577833
20110315,12.85,12.95,11.95,12.0,12161897,148410714,2214,-0.80,7.124794755541715
20110316,12.1,12.3,11.95,12.05,7429529,89569064,1621,+0.05,7.154481400356476
20110317,11.95,11.95,11.65,11.8,7897275,92846250,1544,-0.25,7.00604817628269
20110318,11.95,12.4,11.95,12.3,10275750,125858115,2273,+0.50,7.30291462443026
20110321,12.3,12.6,12.2,12.6,7682224,95741311,2037,+0.30,7.481034493318804
20110322,12.6,13.0,12.5,13.0,10679577,136916651,2307,+0.40,7.718527651836862
20110323,13.0,13.15,12.9,13.0,6266326,81536438,1483, 0.00,7.718527651836862
20110324,13.05,13.2,12.95,13.15,4168862,54544770,930,+0.15,7.807587586281132
20110325,13.15,13.15,12.85,12.85,3994459,51568655,915,-0.30,7.629467717392591
20110328,12.85,12.9,12.65,12.7,2421222,30850000,683,-0.15,7.540407782948318
20110329,12.7,13.1,12.7,12.9,6210049,80440837,1382,+0.20,7.659154362207346
20110330,13.0,13.05,12.9,12.9,3062642,39639493,642, 0.00,7.659154362207346
20110331,13.0,13.05,12.9,12.95,2265841,29357019,614,+0.05,7.688841007022102
20110401,13.0,13.2,12.95,13.1,4555115,59794543,1181,+0.15,7.777900941466375
20110406,13.05,13.25,13.0,13.2,3209037,42217111,987,+0.10,7.837274231095888
20110407,13.2,13.5,13.2,13.5,6179241,82629805,1632,+0.30,8.015394099984434
20110408,13.6,13.95,13.5,13.8,16477289,227770322,3491,+0.30,8.193513968872974
20110411,14.0,14.35,14.0,14.3,22464514,319037431,4425,+0.50,8.490380417020551
20110412,14.35,14.35,14.0,14.15,9127484,128898791,1974,-0.15,8.401320482576274
20110413,14.1,14.25,13.95,14.0,8210530,115549186,1573,-0.15,8.312260548132004
20110414,14.25,14.65,14.2,14.45,20389763,294738803,4521,+0.45,8.57944035146482
20110415,14.5,14.65,14.45,14.6,19056501,277507555,3250,+0.15,8.66850028590909
20110418,14.6,14.6,14.25,14.3,5261688,75652523,1346,-0.30,8.490380417020551
20110419,14.15,14.35,14.0,14.35,6727347,95525703,1567,+0.05,8.520067061835304
20110420,14.45,14.95,14.4,14.7,22861960,337926840,5018,+0.35,8.727873575538604
20110421,14.75,14.85,14.5,14.6,13300484,194732343,2464,-0.10,8.66850028590909
20110422,14.6,14.7,14.35,14.45,6104389,88319245,1467,-0.15,8.57944035146482
20110425,14.55,14.9,14.5,14.8,12139119,179299640,2883,+0.35,8.787246865168122
20110426,14.8,14.85,14.65,14.7,4770966,70347229,1149,-0.10,8.727873575538604
20110427,14.85,15.15,14.8,15.0,14334456,215621090,3128,+0.30,8.90599344442715
20110428,15.15,15.25,14.8,14.8,11232022,168571557,2272,-0.20,8.787246865168122
20110429,14.9,14.95,14.3,14.5,9342965,136122780,1838,-0.30,8.609126996279578
20110503,14.5,14.6,14.2,14.35,4469498,63937782,1055,-0.15,8.520067061835304
20110504,14.35,14.55,14.25,14.5,3006688,43429566,718,+0.15,8.609126996279578
20110505,14.45,14.55,14.3,14.35,3445657,49805052,849,-0.15,8.520067061835304
20110506,14.4,14.85,14.4,14.6,8248623,121121532,1832,+0.25,8.66850028590909
20110509,14.7,14.9,14.6,14.6,5769649,85153811,1597, 0.00,8.66850028590909
20110510,14.6,14.7,14.5,14.6,2922686,42628848,709, 0.00,8.66850028590909
20110511,14.7,14.9,14.7,14.8,6762096,100180004,1778,+0.20,8.787246865168122
20110512,14.7,14.85,14.7,14.7,2722041,40136686,626,-0.10,8.727873575538604
20110513,14.85,14.9,14.6,14.75,3623998,53363050,917,+0.05,8.757560220353362
20110516,14.8,14.85,14.55,14.6,2929266,43025603,686,-0.15,8.66850028590909
20110517,14.6,14.7,14.4,14.55,2783885,40404063,748,-0.05,8.638813641094334
20110518,14.55,14.65,14.35,14.5,4317138,62391874,1200,-0.05,8.609126996279578
20110519,14.5,14.6,14.1,14.1,5107276,73286312,1251,-0.40,8.371633837761518
20110520,14.2,14.25,13.95,14.1,4656763,65627657,1294, 0.00,8.371633837761518
20110523,14.1,14.1,13.9,14.05,2454120,34379429,610,-0.05,8.341947192946764
20110524,14.0,14.05,13.7,13.85,4849932,67006832,920,-0.20,8.22320061368773
20110525,13.85,14.1,13.75,14.05,3402796,47590173,844,+0.20,8.341947192946764
20110526,14.1,14.15,13.9,14.0,2552886,35775754,719,-0.05,8.312260548132004
20110527,14.1,14.1,13.95,14.0,1701083,23832591,647, 0.00,8.312260548132004
20110530,14.0,14.5,14.0,14.35,10490348,150183478,2135,+0.35,8.520067061835304
20110531,14.5,14.55,14.3,14.5,3604313,51992804,930,+0.15,8.609126996279578
20110601,14.5,14.7,14.35,14.4,5240715,76000868,1121,-0.10,8.549753706650062
20110602,14.25,14.4,14.25,14.3,3717923,53272686,777,-0.10,8.490380417020551
20110603,14.4,14.45,14.3,14.35,2350023,33727963,548,+0.05,8.520067061835304
20110607,14.3,14.3,14.1,14.2,3939367,55925429,672,-0.15,8.431007127391032
20110608,14.2,14.25,14.1,14.15,1908325,27017125,484,-0.05,8.401320482576274
20110609,14.25,14.3,14.1,14.15,1344348,19087207,447, 0.00,8.401320482576274
20110610,14.2,14.25,14.0,14.0,2232084,31507613,483,-0.15,8.312260548132004
20110613,14.0,14.5,14.0,14.15,5803865,82909235,1367,+0.15,8.401320482576274
20110614,14.2,14.3,14.05,14.15,2298942,32572616,667, 0.00,8.401320482576274
20110615,14.25,14.3,14.05,14.2,3649398,51843601,1000,+0.05,8.431007127391032
20110616,14.2,14.2,13.8,13.85,3279635,45777638,849,-0.35,8.22320061368773
20110617,13.9,14.2,13.8,14.2,3829985,53613234,1047,+0.35,8.431007127391032
20110620,14.2,14.25,13.8,13.8,3021835,42410767,857,-0.40,8.193513968872974
20110621,14.0,14.0,13.9,13.9,1646369,22939466,511,+0.10,8.252887258502492
20110622,14.1,14.2,14.0,14.05,1687660,23759890,468,+0.15,8.341947192946764
20110623,14.0,14.3,14.0,14.1,3371720,47768590,826,+0.05,8.371633837761518
20110624,14.2,14.4,14.1,14.35,4712627,67385938,1531,+0.25,8.520067061835304
20110627,14.25,14.5,14.15,14.25,4943633,70700611,1330,-0.10,8.460693772205792
20110628,14.25,14.5,14.25,14.35,6233227,89892087,1294,+0.10,8.520067061835304
20110629,14.5,14.5,14.35,14.45,3471993,50038186,878,+0.10,8.57944035146482
20110630,14.5,14.55,14.35,14.4,2283796,32980961,606,-0.05,8.549753706650062
20110701,14.6,15.4,14.6,15.4,32010251,483680831,6591,+1.00,9.143486602945206
20110704,15.6,15.9,15.4,15.4,36169385,564981053,7217, 0.00,9.143486602945206
20110705,15.4,15.5,15.25,15.35,8037918,123343825,2167,-0.05,9.113799958130448
20110706,15.4,15.45,15.15,15.15,6606928,100889588,1607,-0.20,8.99505337887142
20110707,15.3,15.5,15.15,15.4,8606207,132244052,1733,+0.25,9.143486602945206
20110708,15.6,15.8,15.4,15.4,13676700,213794113,2673, 0.00,9.143486602945206
20110711,15.45,15.55,15.35,15.5,7834488,121068553,1259,+0.10,9.20285989257472
20110712,15.4,15.5,14.85,14.95,9702444,147313651,1921,-0.55,8.87630679961239
20110713,15.0,15.1,14.85,14.85,3712315,55570666,877,-0.10,8.816933509982878
20110714,14.95,15.05,14.65,14.65,7029569,104157254,1177,-0.20,8.698186930723844
20110715,14.65,15.2,14.65,15.05,11594755,173416766,1846,+0.40,8.935680089241908
20110718,14.6,14.85,14.6,14.7,7122168,104785860,1352,X0.00,8.99444354474404
20110719,14.7,14.8,14.55,14.65,2838920,41645272,739,-0.05,8.96385019935375
20110720,14.8,14.85,14.7,14.8,2973999,43918324,751,+0.15,9.05563023552461
20110721,14.8,15.0,14.75,14.9,4431614,66109483,1200,+0.10,9.116816926305184
20110722,15.0,15.6,14.85,15.35,18133798,278155167,3722,+0.45,9.392157034817753
20110725,15.35,15.4,14.95,15.2,10871294,164401799,1821,-0.15,9.300376998646897
20110726,15.2,15.6,15.15,15.6,12261459,189150854,2725,+0.40,9.545123761769183
20110727,15.75,15.8,15.4,15.5,15961333,248901449,3041,-0.10,9.483937070988611
20110728,15.3,15.9,15.25,15.5,14944046,233957291,3241, 0.00,9.483937070988611
20110729,16.0,16.45,15.9,15.95,34698062,560397300,7953,+0.45,9.759277179501183
20110801,16.0,16.25,15.95,16.0,14039079,225156693,2928,+0.05,9.78987052489147
20110802,15.9,16.1,15.85,15.9,9658932,154397148,3024,-0.10,9.7286838341109
20110803,15.6,15.7,15.1,15.3,10290381,158041618,2564,-0.60,9.361563689427468
20110804,15.45,15.7,15.05,15.1,12805403,197749824,2506,-0.20,9.239190307866325
20110805,14.1,14.35,14.05,14.05,17363303,244879463,2946,-1.05,8.596730054670326
20110808,13.95,14.15,13.1,13.1,13500391,181063609,2853,-0.95,8.015456492254893
20110809,12.2,13.6,12.2,13.5,11489483,144982912,2855,+0.40,8.26020325537718
20110810,14.1,14.4,13.95,14.4,10538964,150049526,2357,+0.90,8.810883472402324
20110811,14.0,14.5,13.75,14.25,8564761,121250602,2247,-0.15,8.719103436231466
20110812,14.5,14.5,14.05,14.05,5983300,85483571,1383,-0.20,8.596730054670326
20110815,14.35,14.4,14.2,14.35,4010291,57304916,743,+0.30,8.780290127012037
20110816,14.45,14.75,14.3,14.65,10203257,148478394,2548,+0.30,8.96385019935375
20110817,14.65,14.7,14.4,14.5,2878658,41895589,931,-0.15,8.872070163182897
20110818,14.45,14.55,14.25,14.35,6108686,88185688,1409,-0.15,8.780290127012037
20110819,13.9,14.1,13.5,13.5,7491038,103596516,1457,-0.85,8.26020325537718
20110822,13.45,13.45,12.85,12.85,10301589,135110657,2398,-0.65,7.862489765303463
20110823,13.0,13.45,13.0,13.45,4929450,65725370,1217,+0.60,8.229609909986893
20110824,13.5,13.55,13.3,13.45,3294280,44082709,790, 0.00,8.229609909986893
20110825,13.55,13.75,13.35,13.45,4303567,58117686,1170, 0.00,8.229609909986893
20110826,13.5,13.65,13.0,13.25,3118839,41406986,1099,-0.20,8.107236528425748
20110829,13.35,13.55,13.3,13.4,1712160,23006596,612,+0.15,8.199016564596608
20110830,13.6,13.6,13.45,13.5,2023206,27330777,652,+0.10,8.26020325537718
20110831,13.55,13.6,13.4,13.45,1288564,17363052,550,-0.05,8.229609909986893
20110901,13.65,13.95,13.5,13.8,5093634,70503076,1342,+0.35,8.443763327718893
20110902,13.6,13.85,13.6,13.8,2012555,27651172,685, 0.00,8.443763327718893
20110905,13.55,13.6,13.2,13.2,2920255,39019756,955,-0.60,8.076643183035461
20110906,12.8,13.25,12.8,13.0,2082053,27166748,706,-0.20,7.95426980147432
20110907,13.1,13.35,13.05,13.3,1651783,21827536,495,+0.30,8.137829873816036
20110908,13.45,13.5,13.3,13.4,1973584,26465629,689,+0.10,8.199016564596608
20110909,13.4,13.45,13.15,13.2,2002089,26621281,837,-0.20,8.076643183035461
20110913,13.05,13.1,12.75,12.8,3523783,45425386,1147,-0.40,7.831896419913177
20110914,12.9,13.05,12.0,12.2,5457629,67825855,1562,-0.60,7.4647762752297435
20110915,12.3,12.8,12.3,12.45,3778819,47353510,1015,+0.25,7.617743002181175
20110916,12.65,12.95,12.6,12.95,2990129,38177935,847,+0.50,7.923676456084037
20110919,12.95,13.0,12.8,12.95,2665215,34473645,752, 0.00,7.923676456084037
20110920,12.95,13.15,12.85,12.9,1911367,24782971,683,-0.05,7.8930831106937465
20110921,12.95,13.3,12.85,13.0,12650402,165798243,2983,+0.10,7.95426980147432
20110922,12.8,12.8,12.45,12.6,3266981,41116053,1244,-0.40,7.7095230383520335
20110923,12.1,12.35,11.75,11.95,6513606,78252519,1755,-0.65,7.311809548278316
20110926,12.0,12.0,11.15,11.15,9229506,105632355,1933,-0.80,6.822316022033741
20110927,11.35,11.65,11.2,11.4,9142038,104789925,1771,+0.25,6.975282748985173
20110928,11.6,11.75,11.5,11.5,7646884,88878780,1597,+0.10,7.036469439765743
20110929,11.4,11.85,11.35,11.7,6697163,78060727,1342,+0.20,7.158842821326888
20110930,11.85,12.2,11.75,12.1,6353250,76114141,1720,+0.40,7.403589584449176
20111003,11.9,12.0,11.6,11.8,4768396,56222552,1121,-0.30,7.220029512107459
20111004,11.6,11.8,11.55,11.7,5299868,62015580,1172,-0.10,7.158842821326888
20111005,12.0,12.0,11.75,11.75,2924958,34702741,852,+0.05,7.189436166717176
20111006,11.95,12.05,11.9,11.9,2305244,27590946,712,+0.15,7.2812162028880305
20111007,12.1,12.35,11.9,12.1,4608036,56085520,1317,+0.20,7.403589584449176
20111011,12.35,12.9,12.3,12.9,8536199,107860553,2010,+0.80,7.8930831106937465
20111012,12.9,12.95,12.65,12.7,3997252,51162787,1336,-0.20,7.770709729132605
20111013,13.0,13.05,12.7,12.7,3096013,39934655,931, 0.00,7.770709729132605
20111014,12.7,12.85,12.6,12.6,1700989,21533147,570,-0.10,7.7095230383520335
20111017,12.85,13.0,12.7,12.8,2710139,34868156,847,+0.20,7.831896419913177
20111018,12.6,12.75,12.55,12.55,2081784,26285475,628,-0.25,7.6789296929617485
20111019,12.75,12.8,12.5,12.6,2833745,35747161,591,+0.05,7.7095230383520335
20111020,12.7,12.75,12.5,12.5,1517866,19062616,483,-0.10,7.64833634757146
20111021,12.65,12.65,12.4,12.6,1428105,17881072,358,+0.10,7.7095230383520335
20111024,12.8,12.9,12.75,12.9,2057905,26465706,758,+0.30,7.8930831106937465
20111025,12.9,13.45,12.85,13.1,10813012,142826895,2752,+0.20,8.015456492254893
20111026,13.15,13.35,13.15,13.2,4565162,60399777,1438,+0.10,8.076643183035461
20111027,13.4,14.0,13.35,13.85,15533803,213309236,3692,+0.65,8.47435667310918
20111028,14.2,14.4,13.9,13.9,13550007,191107214,3389,+0.05,8.504950018499462
20111031,14.05,14.05,13.7,13.8,4913278,68072324,1381,-0.10,8.443763327718893
20111101,13.75,13.9,13.6,13.75,6892736,94751845,1957,-0.05,8.413169982328606
20111102,13.5,13.55,13.15,13.2,9491988,125982775,2823,-0.55,8.076643183035461
20111103,13.25,13.35,12.9,12.9,2976326,39016440,1010,-0.30,7.8930831106937465
20111104,13.25,13.35,13.1,13.2,3096529,40990170,1007,+0.30,8.076643183035461
20111107,13.35,13.5,13.2,13.35,2651977,35415128,839,+0.15,8.168423219206321
20111108,13.35,13.45,13.1,13.1,4828152,63798022,1327,-0.25,8.015456492254893
20111109,13.3,13.3,12.9,12.9,3365042,43870428,1262,-0.20,7.8930831106937465
20111110,12.6,12.7,12.2,12.4,3669457,45623907,1076,-0.50,7.587149656790892
20111111,12.4,12.6,12.3,12.5,2663509,33233203,836,+0.10,7.64833634757146
20111114,12.75,12.85,12.7,12.8,2316233,29617872,675,+0.30,7.831896419913177
20111115,12.7,12.85,12.6,12.6,1161921,14719196,426,-0.20,7.7095230383520335
20111116,12.65,12.7,12.35,12.35,1443682,17995264,574,-0.25,7.556556311400602
20111117,12.35,12.35,12.05,12.25,2159904,26351660,589,-0.10,7.495369620620032
20111118,12.0,12.15,11.9,11.95,3376040,40483430,718,-0.30,7.311809548278316
20111121,11.9,11.95,11.4,11.55,4067865,47359810,1059,-0.40,7.067062785156033
20111122,11.55,11.8,11.5,11.7,3059332,35670921,811,+0.15,7.158842821326888
20111123,11.65,11.8,11.45,11.5,3352396,38826596,941,-0.20,7.036469439765743
20111124,11.4,11.6,10.9,11.45,5264797,59063759,1581,-0.05,7.005876094375459
20111125,11.5,11.65,11.2,11.25,2994090,34016352,889,-0.20,6.883502712814314
20111128,11.4,11.6,11.4,11.45,1889530,21749204,584,+0.20,7.005876094375459
20111129,11.6,11.7,11.55,11.7,1392480,16192271,576,+0.25,7.158842821326888
20111130,11.6,11.75,11.4,11.65,3374282,39101968,897,-0.05,7.128249475936601
20111201,12.0,12.15,11.8,12.05,4447259,53333708,1271,+0.40,7.372996239058892
20111202,12.05,12.05,11.8,11.9,2354486,28099775,743,-0.15,7.2812162028880305
20111205,11.95,11.95,11.7,11.85,1757588,20790253,431,-0.05,7.250622857497743
20111206,11.85,11.9,11.6,11.6,1330825,15628910,468,-0.25,7.097656130546315
20111207,11.6,11.8,11.6,11.7,1370926,16061870,558,+0.10,7.158842821326888
20111208,11.6,11.7,11.55,11.6,1515057,17612705,389,-0.10,7.097656130546315
20111209,11.5,11.65,11.4,11.45,1953042,22486532,747,-0.15,7.005876094375459
20111212,11.6,11.7,11.4,11.45,1874232,21587193,598, 0.00,7.005876094375459
20111213,11.4,11.45,11.15,11.2,2525834,28496333,698,-0.25,6.852909367424028
20111214,11.25,11.4,11.2,11.3,967441,10921466,312,+0.10,6.9140960582046
20111215,11.3,11.3,11.1,11.2,1465306,16382303,406,-0.10,6.852909367424028
20111216,11.2,11.25,10.5,10.7,6333023,68274038,1509,-0.50,6.546975913521171
20111219,10.5,10.55,9.96,9.96,8242546,83142373,1990,-0.74,6.094194401744942
20111220,9.75,10.2,9.75,10.1,4095063,41402836,924,+0.14,6.179855768837742
20111221,10.7,10.75,10.5,10.75,5553868,59066824,1226,+0.65,6.577569258911456
20111222,10.8,10.8,10.55,10.6,2331756,24802205,452,-0.15,6.485789222740598
20111223,10.75,11.1,10.75,11.1,4385317,48091989,1072,+0.50,6.791722676643456
20111226,11.15,11.4,11.05,11.1,3385211,37967525,911, 0.00,6.791722676643456
20111227,11.1,11.25,10.95,11.1,2580088,28592818,560, 0.00,6.791722676643456
20111228,11.1,11.3,10.95,10.95,5530705,61237187,1028,-0.15,6.6999426404725995
20111229,10.9,10.95,10.65,10.75,6744631,72783594,1187,-0.20,6.577569258911456
20111230,10.75,10.85,10.45,10.45,10930803,116213743,1871,-0.30,6.394009186569742
20120102,10.45,10.45,10.2,10.2,3284770,33752115,689,-0.25,6.241042459618312
20120103,10.25,10.55,10.25,10.4,5018739,52456189,890,+0.20,6.363415841179457
20120104,10.5,10.65,10.45,10.45,3168258,33400974,739,+0.05,6.394009186569742
20120105,10.45,10.55,10.45,10.5,1453979,15292222,487,+0.05,6.424602531960028
20120106,10.6,10.75,10.55,10.55,7597797,80806247,1540,+0.05,6.455195877350314
20120109,10.4,10.5,10.3,10.35,2820863,29282576,585,-0.20,6.332822495789171
20120110,10.4,10.55,10.4,10.4,2346347,24586122,518,+0.05,6.363415841179457
20120111,10.55,10.6,10.45,10.45,2224026,23398608,528,+0.05,6.394009186569742
20120112,10.45,10.55,10.4,10.4,1933080,20251614,463,-0.05,6.363415841179457
20120113,10.5,10.55,10.4,10.4,3189332,33355868,755, 0.00,6.363415841179457
20120116,10.75,10.85,10.55,10.65,5132260,54917646,2026,+0.25,6.5163825681308865
20120117,10.7,11.05,10.7,11.0,4800722,52258592,1238,+0.35,6.730535985862885
20120118,11.0,11.2,10.9,10.9,3778791,41707408,960,-0.10,6.669349295082314
20120130,11.25,11.4,11.1,11.3,4284889,48209693,1029,+0.40,6.9140960582046
20120131,11.3,11.85,11.3,11.65,6159610,71482710,1582,+0.35,7.128249475936601
20120201,11.65,12.05,11.5,11.85,5179796,61232251,2516,+0.20,7.250622857497743
20120202,11.95,12.15,11.8,11.95,6632493,79383063,1546,+0.10,7.311809548278316
20120203,11.95,12.1,11.85,11.95,4902236,58699656,2135, 0.00,7.311809548278316
20120204,12.05,12.2,12.0,12.15,5366257,65069593,1195,+0.20,7.434182929839459
20120206,12.2,12.5,12.1,12.1,7119826,87547633,1914,-0.05,7.403589584449176
20120207,12.1,12.25,12.05,12.15,3343758,40588308,783,+0.05,7.434182929839459
20120208,12.15,12.5,12.15,12.45,6456045,79823173,1453,+0.30,7.617743002181175
20120209,12.5,12.9,12.5,12.8,10740888,136277556,2172,+0.35,7.831896419913177
20120210,13.05,13.05,12.65,12.8,8551216,110328092,1764, 0.00,7.831896419913177
20120213,12.7,13.0,12.65,12.85,4226089,54287469,1643,+0.05,7.862489765303463
20120214,12.95,12.95,12.5,12.6,4575293,57957979,1023,-0.25,7.7095230383520335
20120215,12.65,12.85,12.65,12.75,3361542,42785317,882,+0.15,7.801303074522892
20120216,12.9,13.0,12.55,12.55,5962643,76498273,1310,-0.20,7.6789296929617485
20120217,12.65,12.8,12.35,12.4,4351305,54659546,963,-0.15,7.587149656790892
20120220,12.7,12.8,12.55,12.8,3254410,41403834,829,+0.40,7.831896419913177
20120221,12.8,12.95,12.55,12.95,5000089,63918678,975,+0.15,7.923676456084037
20120222,12.9,12.95,12.65,12.7,3932793,50256398,1015,-0.25,7.770709729132605
20120223,12.7,12.95,12.65,12.7,4014314,51399720,951, 0.00,7.770709729132605
20120224,12.7,12.75,12.55,12.55,1912337,24117210,507,-0.15,7.6789296929617485
20120229,12.65,12.75,12.65,12.7,1825543,23179093,470,+0.15,7.770709729132605
20120301,12.8,12.8,12.65,12.7,2177764,27722009,509, 0.00,7.770709729132605
20120302,12.8,12.9,12.7,12.7,3211339,41113676,805, 0.00,7.770709729132605
20120303,12.65,12.85,12.65,12.8,2016082,25742380,526,+0.10,7.831896419913177
20120305,12.8,12.95,12.65,12.7,3360685,42996365,849,-0.10,7.770709729132605
20120306,12.7,12.8,12.4,12.45,3697320,46230608,995,-0.25,7.617743002181175
20120307,12.45,12.65,12.45,12.6,2515836,31604031,708,+0.15,7.7095230383520335
20120308,12.7,12.9,12.65,12.65,4117916,52550775,976,+0.05,7.74011638374232
20120309,12.7,12.75,12.6,12.6,1825267,23106081,665,-0.05,7.7095230383520335
20120312,12.6,12.65,12.2,12.35,4485928,55642301,1026,-0.25,7.556556311400602
20120313,12.4,12.6,12.35,12.55,2389770,29889109,733,+0.20,7.6789296929617485
20120314,12.65,12.7,12.5,12.65,3663037,46354891,1026,+0.10,7.74011638374232
20120315,12.7,12.7,12.5,12.5,1465939,18416966,455,-0.15,7.64833634757146
20120316,12.5,12.65,12.45,12.45,1457714,18233235,386,-0.05,7.617743002181175
20120319,12.45,12.55,12.25,12.3,2159629,26653693,533,-0.15,7.525962966010319
20120320,12.35,12.4,12.2,12.2,1734192,21286133,511,-0.10,7.4647762752297435
20120321,12.3,12.35,12.1,12.2,2996715,36560765,1018, 0.00,7.4647762752297435
20120322,12.3,12.4,12.1,12.2,3014475,36869682,993, 0.00,7.4647762752297435
20120323,12.2,12.3,12.15,12.25,1132499,13836950,327,+0.05,7.495369620620032
20120326,12.25,12.45,12.15,12.45,5418735,66799243,1438,+0.20,7.617743002181175
20120327,12.5,12.5,12.2,12.2,4549069,55875921,1039,-0.25,7.4647762752297435
20120328,12.25,12.4,12.1,12.1,4345810,53126840,1069,-0.10,7.403589584449176
20120329,12.1,12.15,11.3,11.4,7273384,84289495,1421,-0.70,6.975282748985173
20120330,11.3,12.05,11.3,12.05,4156819,48877028,1108,+0.65,7.372996239058892
20120402,12.0,12.05,11.8,11.8,1866697,22254028,580,-0.25,7.220029512107459
20120403,11.9,12.0,11.5,11.6,1922688,22508086,717,-0.20,7.097656130546315
20120405,11.4,11.55,11.1,11.45,2393799,27225909,773,-0.15,7.005876094375459
20120406,11.5,11.7,11.5,11.6,1722515,19990561,609,+0.15,7.097656130546315
20120409,11.2,11.55,11.2,11.25,1293404,14692036,452,-0.35,6.883502712814314
20120410,11.35,11.55,11.35,11.5,1242103,14224326,320,+0.25,7.036469439765743
20120411,11.3,11.45,11.25,11.35,662436,7505884,234,-0.15,6.944689403594888
20120412,11.35,11.45,11.3,11.35,1373877,15644838,422, 0.00,6.944689403594888
20120413,11.55,12.1,11.5,12.1,10580058,125683740,2288,+0.75,7.403589584449176
20120416,12.0,12.25,11.7,11.7,7837204,94117536,2209,-0.40,7.158842821326888
20120417,11.7,12.0,11.6,11.6,6610422,77954768,1497,-0.10,7.097656130546315
20120418,11.8,11.9,11.6,11.6,3225184,37723908,907, 0.00,7.097656130546315
20120419,11.6,11.7,11.45,11.5,1937896,22388999,570,-0.10,7.036469439765743
20120420,11.5,11.55,11.25,11.25,1981110,22584127,454,-0.25,6.883502712814314
20120423,11.1,11.3,11.1,11.15,1490589,16623406,443,-0.10,6.822316022033741
20120424,11.1,11.25,11.1,11.2,1095923,12268480,306,+0.05,6.852909367424028
20120425,11.25,11.35,11.2,11.2,1076787,12116959,342, 0.00,6.852909367424028
20120426,11.25,11.35,11.25,11.25,1274034,14391276,382,+0.05,6.883502712814314
20120427,11.35,11.35,11.05,11.1,1507733,16856441,400,-0.15,6.791722676643456
20120430,11.2,11.25,11.1,11.25,1888212,21124316,360,+0.15,6.883502712814314
20120502,11.25,11.45,11.2,11.45,2349829,26646487,829,+0.20,7.005876094375459
20120503,11.45,11.45,11.2,11.2,1494897,16884990,522,-0.25,6.852909367424028
20120504,11.2,11.8,11.2,11.55,4276340,49504852,1195,+0.35,7.067062785156033
20120507,11.45,11.45,11.25,11.3,1476929,16725542,504,-0.25,6.9140960582046
20120508,11.3,11.4,11.2,11.25,1422514,16074569,453,-0.05,6.883502712814314
20120509,11.2,11.35,11.15,11.25,1973210,22170146,487, 0.00,6.883502712814314
20120510,11.2,11.25,11.05,11.05,1484636,16519920,452,-0.20,6.761129331253172
20120511,11.05,11.15,10.85,10.9,3136035,34348380,559,-0.15,6.669349295082314
20120514,10.8,10.95,10.75,10.85,915705,9920358,281,-0.05,6.638755949692028
20120515,10.75,10.75,10.55,10.6,1664563,17761713,521,-0.25,6.485789222740598
20120516,10.5,10.65,10.35,10.4,1605100,16812931,471,-0.20,6.363415841179457
20120517,10.45,10.6,10.45,10.55,1251145,13147818,487,+0.15,6.455195877350314
20120518,10.4,10.4,10.1,10.1,2486689,25357751,907,-0.45,6.179855768837742
20120521,10.0,10.2,10.0,10.0,902282,9115420,363,-0.10,6.118669078057171
20120522,10.1,10.2,10.1,10.2,1404049,14229093,385,+0.20,6.241042459618312
20120523,10.2,10.2,9.91,10.0,1796333,17985550,618,-0.20,6.118669078057171
20120524,10.0,10.1,9.95,9.98,1460763,14592157,459,-0.02,6.106431739901054
20120525,10.0,10.05,9.96,9.98,840477,8395387,235, 0.00,6.106431739901054
20120528,9.98,10.05,9.94,10.0,465020,4647320,182,+0.02,6.118669078057171
20120529,10.05,10.55,10.05,10.4,3756476,38905489,766,+0.40,6.363415841179457
20120530,10.5,10.5,10.15,10.15,1045291,10706630,430,-0.25,6.2104491142280285
20120531,10.0,10.35,10.0,10.3,2818017,28809520,610,+0.15,6.302229150398884
20120601,10.25,10.3,10.05,10.05,1509787,15271020,412,-0.25,6.149262423447455
20120604,9.85,9.9,9.51,9.68,2440219,23776261,724,-0.37,5.92287166755934
20120605,9.91,10.3,9.9,10.1,3298284,33373690,909,+0.42,6.179855768837742
20120606,10.1,10.2,10.0,10.1,1957953,19741821,478, 0.00,6.179855768837742
20120607,10.2,10.4,10.1,10.1,1364457,13968956,522, 0.00,6.179855768837742
20120608,10.2,10.2,10.05,10.05,733549,7431209,270,-0.05,6.149262423447455
20120611,10.15,10.3,10.15,10.15,1214819,12408963,394,+0.10,6.2104491142280285
20120612,10.0,10.4,10.0,10.4,1595000,16357300,570,+0.25,6.363415841179457
20120613,10.5,10.5,10.2,10.35,2481875,25729904,694,-0.05,6.332822495789171
20120614,10.35,10.4,10.2,10.3,1592034,16443491,462,-0.05,6.302229150398884
20120615,10.3,10.45,10.0,10.0,3752424,38125825,880,-0.30,6.118669078057171
20120618,10.3,10.45,10.2,10.4,2937621,30380933,764,+0.40,6.363415841179457
20120619,10.4,10.45,10.3,10.4,1632057,16953436,500, 0.00,6.363415841179457
20120620,10.45,10.55,10.4,10.5,2041238,21379658,547,+0.10,6.424602531960028
20120621,10.5,10.6,10.45,10.6,1692725,17818827,495,+0.10,6.485789222740598
20120622,10.35,10.6,10.35,10.55,1399123,14682529,500,-0.05,6.455195877350314
20120625,10.55,10.6,10.45,10.45,2190853,23053307,522,-0.10,6.394009186569742
20120626,10.4,10.45,10.35,10.4,809252,8417346,235,-0.05,6.363415841179457
20120627,10.4,10.5,10.35,10.5,1785189,18680850,424,+0.10,6.424602531960028
20120628,10.5,10.6,10.5,10.5,1462377,15393268,313, 0.00,6.424602531960028
20120629,10.5,10.55,10.45,10.55,1690969,17816310,590,+0.05,6.455195877350314
20120702,10.5,10.6,10.5,10.55,1468985,15487586,342, 0.00,6.455195877350314
20120703,10.55,10.6,10.5,10.5,1885737,19932429,520,-0.05,6.424602531960028
20120704,10.55,10.65,10.5,10.55,2625054,27794257,555,+0.05,6.455195877350314
20120705,10.55,10.6,10.5,10.5,1510169,15925399,301,-0.05,6.424602531960028
20120706,10.5,10.55,10.4,10.45,968921,10145319,250,-0.05,6.394009186569742
20120709,10.4,10.65,10.4,10.65,6737959,71050857,663,+0.20,6.5163825681308865
20120710,10.65,10.65,10.45,10.5,2087873,22027810,462,-0.15,6.424602531960028
20120711,10.45,10.6,10.45,10.5,1949096,20512039,454, 0.00,6.424602531960028
20120712,10.5,10.5,10.3,10.3,2873397,29840753,821,-0.20,6.302229150398884
20120713,10.1,10.25,10.1,10.15,2225464,22657351,426,X0.00,6.3334283046087805
20120716,10.2,10.3,10.2,10.2,1418073,14517287,276,+0.05,6.364627458818672
20120717,10.2,10.35,10.2,10.3,1745982,17950760,538,+0.10,6.427025767238467
20120718,10.3,10.35,10.25,10.3,1395548,14409536,421, 0.00,6.427025767238467
20120719,10.4,10.55,10.35,10.5,2605193,27262353,437,+0.20,6.551822384078047
20120720,10.5,10.6,10.4,10.45,3243849,34042822,397,-0.05,6.520623229868152
20120723,10.35,10.35,10.25,10.25,1698878,17465998,250,-0.20,6.39582661302857
20120724,10.2,10.25,10.1,10.2,1429995,14531445,288,-0.05,6.364627458818672
20120725,10.1,10.2,10.05,10.15,1132389,11485492,325,-0.05,6.3334283046087805
20120726,10.2,10.25,10.15,10.15,666700,6808066,262, 0.00,6.3334283046087805
20120727,10.3,10.3,10.15,10.15,1749480,17838660,368, 0.00,6.3334283046087805
20120730,10.25,10.3,10.2,10.25,641868,6586149,202,+0.10,6.39582661302857
20120731,10.25,10.3,10.2,10.25,1422297,14571471,328, 0.00,6.39582661302857
20120801,10.3,10.3,10.2,10.25,1049633,10755099,232, 0.00,6.39582661302857
20120803,10.25,10.35,10.2,10.25,1156836,11901219,287, 0.00,6.39582661302857
20120806,10.3,10.35,10.25,10.25,1013739,10429031,243, 0.00,6.39582661302857
20120807,10.3,10.5,10.25,10.45,3021942,31432040,607,+0.20,6.520623229868152
20120808,10.45,10.5,10.4,10.4,2293222,23938455,465,-0.05,6.489424075658257
20120809,10.4,10.55,10.4,10.5,1917204,20105116,548,+0.10,6.551822384078047
20120810,10.55,10.55,10.4,10.45,1361690,14287717,371,-0.05,6.520623229868152
20120813,10.5,10.5,10.35,10.35,1001943,10421439,319,-0.10,6.4582249214483625
20120814,10.4,10.6,10.4,10.5,2075370,21787528,660,+0.15,6.551822384078047
20120815,10.55,10.55,10.45,10.55,1295616,13622111,387,+0.05,6.5830215382879445
20120816,10.55,11.2,10.55,11.15,11741919,128497734,2595,+0.60,6.957411388806689
20120817,11.2,11.3,10.95,10.95,6257679,69670040,1563,-0.20,6.8326147719671075
20120820,10.95,11.0,10.75,10.8,2242947,24383169,603,-0.15,6.739017309337418
20120821,10.9,10.95,10.8,10.8,2531061,27446590,619, 0.00,6.739017309337418
20120822,10.9,10.9,10.7,10.8,1720743,18539226,484, 0.00,6.739017309337418
20120823,10.8,11.0,10.8,10.9,2227434,24328196,631,+0.10,6.801415617757211
20120824,10.9,10.95,10.8,10.85,1596663,17385353,390,-0.05,6.770216463547316
20120827,10.95,11.0,10.75,10.8,1182541,12805954,297,-0.05,6.739017309337418
20120828,10.75,11.0,10.55,10.65,3304106,35644620,768,-0.15,6.645419846707733
20120829,10.7,10.8,10.6,10.65,1081853,11564023,338, 0.00,6.645419846707733
20120830,10.65,10.75,10.6,10.6,692417,7375763,275,-0.05,6.614220692497837
20120831,10.6,10.7,10.55,10.6,1012615,10747511,270, 0.00,6.614220692497837
20120903,10.6,10.9,10.6,10.85,2813600,30360736,609,+0.25,6.770216463547316
20120904,10.8,10.9,10.7,10.7,1623706,17531853,514,-0.15,6.67661900091763
20120905,10.7,10.75,10.6,10.65,1200295,12792571,362,-0.05,6.645419846707733
20120906,10.65,10.8,10.55,10.6,1343997,14332461,380,-0.05,6.614220692497837
20120907,10.75,10.95,10.7,10.85,3043215,33066903,771,+0.25,6.770216463547316
20120910,10.9,11.5,10.9,11.15,11468220,129126624,2455,+0.30,6.957411388806689
20120911,11.2,11.3,10.95,10.95,3270884,36245819,809,-0.20,6.8326147719671075
20120912,11.1,11.15,10.95,10.95,2215430,24445338,708, 0.00,6.8326147719671075
20120913,11.0,11.1,10.85,10.85,2528480,27691170,706,-0.10,6.770216463547316
20120914,11.1,11.25,11.0,11.1,7561190,83979321,1589,+0.25,6.926212234596792
20120917,11.5,11.8,11.4,11.75,16990249,197961849,3030,+0.65,7.3318012393254355
20120918,11.75,11.8,11.55,11.6,4787553,55810724,1097,-0.15,7.238203776695747
20120919,11.7,12.15,11.7,11.9,17832142,213273008,3309,+0.30,7.42539870195512
20120920,11.95,11.95,11.6,11.7,6025462,70637152,1173,-0.20,7.300602085115538
20120921,11.8,11.85,11.7,11.7,3701909,43518772,746, 0.00,7.300602085115538
20120924,11.75,12.5,11.65,12.5,25163234,309185251,4098,+0.80,7.799788552473869
20120925,12.6,12.7,12.15,12.2,17280114,215125567,3530,-0.30,7.612593627214492
20120926,12.15,12.45,12.15,12.2,12593107,154682937,2550, 0.00,7.612593627214492
20120927,12.3,12.4,11.95,12.0,13384017,161842181,2559,-0.20,7.48779701037491
20120928,12.0,12.15,11.65,11.75,7701741,91022197,1786,-0.25,7.3318012393254355
20121001,11.9,12.2,11.8,11.85,8100462,97174617,1594,+0.10,7.394199547745226
20121002,12.0,12.05,11.8,11.85,5176922,61631066,1095, 0.00,7.394199547745226
20121003,11.95,11.95,11.65,11.65,4350614,51030557,1028,-0.20,7.269402930905643
20121004,11.65,11.75,11.55,11.65,4419203,51398845,1131, 0.00,7.269402930905643
20121005,11.75,12.0,11.75,11.9,6369312,75877139,1531,+0.25,7.42539870195512
20121008,12.0,12.05,11.65,11.65,4800430,56713823,1007,-0.25,7.269402930905643
20121009,11.65,11.75,11.5,11.5,4442902,51663664,1096,-0.15,7.175805468275955
20121011,11.3,11.45,11.25,11.25,4277696,48454723,866,-0.25,7.01980969722648
20121012,11.3,11.4,10.95,11.1,5465610,60913412,1123,-0.15,6.926212234596792
20121015,11.15,11.2,10.95,10.95,2489611,27523623,668,-0.15,6.8326147719671075
20121016,11.0,11.1,10.9,10.9,3920579,43108152,842,-0.05,6.801415617757211
20121017,11.1,11.25,11.05,11.1,3600592,40133532,844,+0.20,6.926212234596792
20121018,11.2,11.25,11.05,11.2,2339036,26114337,554,+0.10,6.988610543016582
20121019,11.2,11.2,11.05,11.05,1419936,15785496,397,-0.15,6.895013080386897
20121022,10.9,11.15,10.85,11.0,9631456,106065866,666,-0.05,6.863813926177003
20121023,11.05,11.15,11.0,11.1,1028937,11398492,402,+0.10,6.926212234596792
20121024,11.0,11.1,10.95,11.0,2967350,32696571,692,-0.10,6.863813926177003
20121025,11.05,11.1,10.75,10.75,2605826,28482430,620,-0.25,6.7078181551275256
20121026,10.75,10.85,10.15,10.2,5622576,58705386,1281,-0.55,6.364627458818672
20121029,10.3,10.5,10.15,10.15,2864931,29493594,730,-0.05,6.3334283046087805
20121030,10.25,10.55,10.25,10.5,3097783,32333118,777,+0.35,6.551822384078047
20121031,10.6,10.6,10.3,10.3,1839829,19135285,430,-0.20,6.427025767238467
20121101,10.25,10.4,10.2,10.4,1361675,14060564,427,+0.10,6.489424075658257
20121102,10.65,11.0,10.55,10.75,4935014,53111240,1333,+0.35,6.7078181551275256
20121105,10.7,10.75,10.55,10.55,2131669,22636372,603,-0.20,6.5830215382879445
20121106,10.6,10.65,10.5,10.65,1323855,14023103,401,+0.10,6.645419846707733
20121107,10.65,10.8,10.6,10.7,2840436,30411387,645,+0.05,6.67661900091763
20121108,10.6,10.75,10.55,10.6,1404180,14914839,428,-0.10,6.614220692497837
20121109,10.5,10.85,10.5,10.75,4186771,44625586,1153,+0.15,6.7078181551275256
20121112,10.75,11.15,10.75,10.85,6432767,70461073,1664,+0.10,6.770216463547316
20121113,10.9,10.95,10.6,10.6,2711346,29155362,814,-0.25,6.614220692497837
20121114,10.6,10.75,10.6,10.65,1323009,14135689,437,+0.05,6.645419846707733
20121115,10.65,10.7,10.55,10.55,1593182,16910567,458,-0.10,6.5830215382879445
20121116,10.55,10.85,10.55,10.55,2827699,30170684,707, 0.00,6.5830215382879445
20121119,10.7,10.75,10.55,10.55,1602689,17025879,455, 0.00,6.5830215382879445
20121120,10.65,10.7,10.5,10.5,1472649,15562091,396,-0.05,6.551822384078047
20121121,10.6,10.6,10.3,10.3,2119453,22119059,506,-0.20,6.427025767238467
20121122,10.45,10.55,10.4,10.4,1502453,15713028,413,+0.10,6.489424075658257
20121123,10.5,10.7,10.5,10.7,2798061,29755287,685,+0.30,6.67661900091763
20121126,10.8,10.85,10.7,10.8,1923452,20747846,544,+0.10,6.739017309337418
20121127,10.8,10.9,10.75,10.75,2047540,22118271,481,-0.05,6.7078181551275256
20121128,10.8,11.1,10.7,11.05,8221363,90550443,1947,+0.30,6.895013080386897
20121129,11.1,11.15,10.95,11.0,3694947,40793850,944,-0.05,6.863813926177003
20121130,11.0,11.05,10.9,10.95,4280926,47003316,1049,-0.05,6.8326147719671075
20121203,11.0,11.3,11.0,11.0,7874926,87898957,1479,+0.05,6.863813926177003
20121204,11.0,11.2,11.0,11.1,2987835,33147206,672,+0.10,6.926212234596792
20121205,11.15,11.25,11.05,11.1,4286158,47739239,874, 0.00,6.926212234596792
20121206,11.2,11.55,11.15,11.4,15139551,173234036,3007,+0.30,7.113407159856166
20121207,11.45,11.5,11.2,11.3,5247431,59452857,990,-0.10,7.051008851436376
20121210,11.35,11.35,11.1,11.1,2576370,28757895,653,-0.20,6.926212234596792
20121211,11.15,11.3,11.05,11.1,3934400,43884709,793, 0.00,6.926212234596792
20121212,11.2,11.3,11.15,11.2,2962172,33210200,552,+0.10,6.988610543016582
20121213,11.3,11.45,11.25,11.4,5340174,60781504,944,+0.20,7.113407159856166
20121214,11.35,11.4,11.2,11.25,3501873,39491020,690,-0.15,7.01980969722648
20121217,11.3,11.3,11.1,11.2,2202288,24665285,517,-0.05,6.988610543016582
20121218,11.25,11.35,11.15,11.15,2220544,24923952,576,-0.05,6.957411388806689
20121219,11.2,11.5,11.2,11.25,3649242,41378942,940,+0.10,7.01980969722648
20121220,11.25,11.65,11.2,11.3,9728211,111961916,2165,+0.05,7.051008851436376
20121221,11.3,11.35,11.05,11.05,5835127,65098447,1830,-0.25,6.895013080386897
20121222,11.1,11.2,11.1,11.2,1368047,15237612,397,+0.15,6.988610543016582
20121224,11.2,11.35,11.1,11.1,2959922,33229774,703,-0.10,6.926212234596792
20121225,11.15,11.4,11.15,11.35,6318552,71496694,1311,+0.25,7.0822080056462715
20121226,11.35,11.6,11.25,11.25,6794176,77649504,1601,-0.10,7.01980969722648
20121227,11.3,11.4,11.2,11.25,3081346,34754113,640, 0.00,7.01980969722648
20121228,11.3,11.35,11.2,11.2,2595809,29238050,683,-0.05,6.988610543016582
20130102,11.3,11.5,11.25,11.3,4481215,50981952,954,+0.10,7.051008851436376
20130103,11.5,11.55,11.35,11.4,4840857,55479758,1034,+0.10,7.113407159856166
20130104,11.45,11.55,11.3,11.3,4006465,45696794,905,-0.10,7.051008851436376
20130107,11.45,11.85,11.4,11.8,16922953,197354283,3185,+0.50,7.36300039353533
20130108,11.8,11.9,11.6,11.6,8079686,94533549,1462,-0.20,7.238203776695747
20130109,11.6,12.15,11.6,12.0,16221780,193457563,3453,+0.40,7.48779701037491
20130110,12.1,12.2,11.85,11.85,12265874,147486652,2513,-0.15,7.394199547745226
20130111,11.95,12.1,11.85,11.85,8416312,100680532,1444, 0.00,7.394199547745226
20130114,11.85,12.05,11.8,12.05,7417134,88237433,1331,+0.20,7.518996164584807
20130115,12.15,12.2,11.75,11.75,11070563,132656101,2045,-0.30,7.3318012393254355
20130116,12.0,12.0,11.7,11.75,7034002,83648908,1073, 0.00,7.3318012393254355
20130117,11.8,11.85,11.25,11.3,6383443,73406474,1411,-0.45,7.051008851436376
20130118,11.45,11.5,11.4,11.45,2115337,24204983,611,+0.15,7.14460631406606
20130121,11.35,11.65,11.3,11.65,3992588,46025362,933,+0.20,7.269402930905643
20130122,11.65,11.65,11.5,11.5,1452313,16751869,407,-0.15,7.175805468275955
20130123,11.55,11.6,11.4,11.4,2891920,33239184,660,-0.10,7.113407159856166
20130124,11.4,11.45,11.35,11.35,1782762,20293051,536,-0.05,7.0822080056462715
20130125,11.45,11.55,11.35,11.45,3173823,36399824,889,+0.10,7.14460631406606
20130128,11.55,11.55,11.4,11.45,1232784,14120633,339, 0.00,7.14460631406606
20130129,11.4,11.55,11.4,11.45,1746548,20032836,434, 0.00,7.14460631406606
20130130,11.5,11.6,11.45,11.5,4082789,47001834,790,+0.05,7.175805468275955
20130131,11.6,11.6,11.45,11.45,2180920,25078073,572,-0.05,7.14460631406606
20130201,11.55,11.75,11.45,11.55,5698464,66263591,1102,+0.10,7.2070046224858535
20130204,11.7,11.85,11.65,11.75,5554015,65425107,1291,+0.20,7.3318012393254355
20130205,11.8,11.8,11.7,11.75,3961038,46589983,928, 0.00,7.3318012393254355
20130206,11.85,11.9,11.65,11.65,4489069,52831442,1085,-0.10,7.269402930905643
20130218,11.9,11.9,11.7,11.7,2696159,31691887,582,+0.05,7.300602085115538
20130219,11.8,11.9,11.7,11.85,4389987,51892480,840,+0.15,7.394199547745226
20130220,11.9,12.05,11.8,11.85,6045033,72017271,1332, 0.00,7.394199547745226
20130221,11.85,11.85,11.65,11.65,4001914,46906744,783,-0.20,7.269402930905643
20130222,11.7,11.75,11.65,11.7,2649694,30989614,517,+0.05,7.300602085115538
20130223,11.7,11.8,11.7,11.7,1601838,18769643,460, 0.00,7.300602085115538
20130225,11.7,11.75,11.6,11.6,1934516,22572071,586,-0.10,7.238203776695747
20130226,11.6,11.7,11.5,11.55,2437503,28217549,603,-0.05,7.2070046224858535
20130227,11.55,11.65,11.5,11.6,1826701,21126179,532,+0.05,7.238203776695747
20130301,11.7,11.95,11.7,11.7,8449146,99658616,1465,+0.10,7.300602085115538
20130304,11.75,11.9,11.6,11.6,5193049,60936858,1093,-0.10,7.238203776695747
20130305,11.65,11.8,11.65,11.7,2461746,28830076,626,+0.10,7.300602085115538
20130306,11.8,11.85,11.7,11.8,2119465,24935872,511,+0.10,7.36300039353533
20130307,11.8,12.0,11.8,11.85,9220081,110085686,2047,+0.05,7.394199547745226
20130308,11.85,12.25,11.85,12.0,15312181,185663623,2944,+0.15,7.48779701037491
20130311,12.1,12.1,11.9,12.0,4567296,54818746,1001, 0.00,7.48779701037491
20130312,11.95,12.0,11.7,11.8,5376673,63639289,1105,-0.20,7.36300039353533
20130313,11.85,11.95,11.8,11.8,2516930,29814305,608, 0.00,7.36300039353533
20130314,11.85,11.95,11.75,11.8,3055956,36238859,684, 0.00,7.36300039353533
20130315,11.9,12.05,11.75,11.75,6213951,73911961,1035,-0.05,7.3318012393254355
20130318,11.75,11.85,11.6,11.6,4720602,55121115,740,-0.15,7.238203776695747
20130319,11.65,11.75,11.6,11.7,3101764,36174336,749,+0.10,7.300602085115538
20130320,11.7,11.75,11.6,11.7,2470626,28851597,661, 0.00,7.300602085115538
20130321,11.75,11.85,11.7,11.8,2903284,34257960,562,+0.10,7.36300039353533
20130322,11.8,11.95,11.75,11.85,4446508,52715136,709,+0.05,7.394199547745226
20130325,11.95,12.05,11.85,11.95,3561324,42629845,1720,+0.10,7.456597856165015
20130326,12.0,12.1,11.9,12.0,5047335,60645920,934,+0.05,7.48779701037491
20130327,12.05,12.15,11.95,11.95,3369598,40576550,803,-0.05,7.456597856165015
20130328,12.05,12.15,11.95,11.95,4620526,55752754,1956, 0.00,7.456597856165015
20130329,12.0,12.1,11.95,11.95,1507730,18055463,1410, 0.00,7.456597856165015
20130401,12.0,12.35,11.95,12.3,11622539,142081048,2440,+0.35,7.674991935634286
20130402,12.25,12.25,12.05,12.05,3827944,46497578,822,-0.25,7.518996164584807
20130403,12.15,12.15,11.9,12.0,5893943,70686066,1012,-0.05,7.48779701037491
20130408,11.85,11.85,11.6,11.7,4397897,51494148,973,-0.30,7.300602085115538
20130409,11.7,11.8,11.6,11.65,2212828,25852428,636,-0.05,7.269402930905643
20130410,11.75,11.8,11.65,11.75,1943483,22790261,617,+0.10,7.3318012393254355
20130411,11.85,11.9,11.75,11.75,2211733,26125297,1634, 0.00,7.3318012393254355
20130412,11.8,11.85,11.7,11.8,1635058,19260421,423,+0.05,7.36300039353533
20130415,11.85,11.9,11.65,11.7,1537556,18048590,489,-0.10,7.300602085115538
20130416,11.6,11.75,11.6,11.7,1119619,13065372,314, 0.00,7.300602085115538
20130417,11.8,11.85,11.7,11.75,1696214,19955485,731,+0.05,7.3318012393254355
20130418,11.75,11.9,11.7,11.7,2160422,25474228,547,-0.05,7.300602085115538
20130419,11.8,11.9,11.7,11.9,1960116,23186953,1548,+0.20,7.42539870195512
20130422,12.0,12.15,11.9,11.9,3885368,46648432,1885, 0.00,7.42539870195512
20130423,11.9,12.0,11.85,11.9,1459138,17375428,2387, 0.00,7.42539870195512
20130424,11.95,12.1,11.85,11.9,5564432,66641229,1963, 0.00,7.42539870195512
20130425,11.85,11.95,11.85,11.85,1647473,19572124,1487,-0.05,7.394199547745226
20130426,11.9,11.95,11.8,11.8,2210960,26225868,1564,-0.05,7.36300039353533
20130429,11.85,11.85,11.75,11.75,1229145,14498832,338,-0.05,7.3318012393254355
20130430,11.8,11.85,11.75,11.75,1516391,17891985,472, 0.00,7.3318012393254355
20130502,11.85,11.9,11.8,11.8,1051032,12439608,1298,+0.05,7.36300039353533
20130503,11.8,12.1,11.8,11.9,7949598,95479967,2501,+0.10,7.42539870195512
20130506,12.2,12.4,12.15,12.3,16357045,201111130,2981,+0.40,7.674991935634286
20130507,12.4,12.4,12.15,12.15,3579484,43736341,914,-0.15,7.581394473004599
20130508,12.15,12.25,12.1,12.15,3372319,40930492,852, 0.00,7.581394473004599
20130509,12.2,12.25,12.1,12.15,3186396,38798424,641, 0.00,7.581394473004599
20130510,12.15,12.3,12.15,12.3,5005165,61317692,1025,+0.15,7.674991935634286
20130513,12.3,12.3,12.1,12.1,2271599,27652058,540,-0.20,7.550195318794702
20130514,12.15,12.35,12.1,12.15,4256435,51990879,802,+0.05,7.581394473004599
20130515,12.15,12.3,12.1,12.3,3814021,46625790,903,+0.15,7.674991935634286
20130516,12.4,12.4,12.2,12.25,3945419,48412747,1021,-0.05,7.64379278142439
20130517,12.3,12.3,12.2,12.2,2202764,26982516,554,-0.05,7.612593627214492
20130520,12.2,12.3,12.15,12.15,3064569,37422325,515,-0.05,7.581394473004599
20130521,12.2,12.55,12.15,12.4,8418126,104413282,1410,+0.25,7.737390244054075
20130522,12.45,12.6,12.35,12.6,8666947,108296975,1629,+0.20,7.862186860893655
20130523,12.5,12.55,12.3,12.35,4858749,60267354,1074,-0.25,7.706191089844178
20130524,12.35,12.45,12.2,12.25,2857570,35181944,644,-0.10,7.64379278142439
20130527,12.3,12.6,12.25,12.5,6543957,81519004,1054,+0.25,7.799788552473869
20130528,12.6,12.6,12.35,12.4,2977330,37114115,529,-0.10,7.737390244054075
20130529,12.4,12.55,12.4,12.45,3349135,41757914,591,+0.05,7.7685893982639715
20130530,12.6,12.75,12.5,12.55,8984636,113311191,1669,+0.10,7.830987706683761
20130531,12.7,12.7,12.5,12.55,4085385,51455879,894, 0.00,7.830987706683761
20130603,12.45,12.5,12.4,12.45,1853469,23064706,580,-0.10,7.7685893982639715
20130604,12.45,12.5,12.35,12.45,3035757,37673825,506, 0.00,7.7685893982639715
20130605,12.4,12.6,12.4,12.4,2652956,33077496,625,-0.05,7.737390244054075
20130606,12.55,12.75,12.5,12.5,8359101,105484747,1682,+0.10,7.799788552473869
20130607,12.55,12.6,12.3,12.3,5302551,65811589,1028,-0.20,7.674991935634286
20130610,12.4,12.45,12.3,12.4,2713944,33543454,435,+0.10,7.737390244054075
20130611,12.4,12.4,12.2,12.3,1803630,22170826,461,-0.10,7.674991935634286
20130613,12.3,12.35,12.05,12.05,3267066,39817142,720,-0.25,7.518996164584807
20130614,12.1,12.2,12.0,12.0,2419087,29174670,561,-0.05,7.48779701037491
20130617,12.05,12.15,12.05,12.05,1374505,16617010,468,+0.05,7.518996164584807
20130618,12.05,12.15,12.05,12.05,997559,12056108,353, 0.00,7.518996164584807
20130619,12.1,12.15,12.0,12.0,1911454,23019047,634,-0.05,7.48779701037491
20130620,12.0,12.05,11.85,11.85,2242328,26745129,1587,-0.15,7.394199547745226
20130621,11.75,11.75,11.65,11.7,3068636,35854380,674,-0.15,7.300602085115538
20130624,11.7,11.8,11.7,11.7,1269812,14924249,372, 0.00,7.300602085115538
20130625,11.7,11.8,11.5,11.5,2712232,31426501,642,-0.20,7.175805468275955
20130626,11.7,11.75,11.55,11.65,1768376,20594108,595,+0.15,7.269402930905643
20130627,11.75,11.8,11.65,11.7,1342381,15722576,509,+0.05,7.300602085115538
20130628,11.8,11.95,11.75,11.9,2473226,29376008,775,+0.20,7.42539870195512
20130701,11.9,11.95,11.8,11.95,2048937,24359739,653,+0.05,7.456597856165015
20130702,12.05,12.05,11.85,11.85,1044721,12475299,441,-0.10,7.394199547745226
20130703,11.95,11.95,11.75,11.8,987801,11680215,310,-0.05,7.36300039353533
20130704,11.9,11.9,11.7,11.85,1485519,17544316,554,+0.05,7.394199547745226
20130705,11.85,11.95,11.8,11.85,736909,8747913,373, 0.00,7.394199547745226
20130708,11.85,11.95,11.75,11.8,1200135,14188126,376,-0.05,7.36300039353533
20130709,11.8,11.95,11.8,11.9,2731620,32423371,669,+0.10,7.42539870195512
20130710,11.8,12.25,11.8,12.0,8473836,102299282,2064,X0.00,7.61579354046679
20130711,12.1,12.15,12.0,12.05,3041132,36691884,883,+0.05,7.647526013552072
20130712,12.1,12.2,12.0,12.0,1523000,18390500,499,-0.05,7.61579354046679
20130715,12.1,12.1,11.95,12.0,1497517,17999916,395, 0.00,7.61579354046679
20130716,12.1,12.2,12.05,12.05,3652934,44256158,942,+0.05,7.647526013552072
20130717,12.05,12.3,12.05,12.3,4345762,52995434,1061,+0.25,7.806188378978461
20130718,12.3,12.35,12.05,12.15,4693291,57427365,842,-0.15,7.710990959722625
20130719,12.15,12.25,12.05,12.15,7484849,91144414,1636, 0.00,7.710990959722625
20130722,12.15,12.2,12.0,12.05,3118532,37569903,734,-0.10,7.647526013552072
20130723,12.05,12.15,12.0,12.05,3052769,36776828,726, 0.00,7.647526013552072
20130724,12.0,12.15,11.95,12.0,2761770,33170402,620,-0.05,7.61579354046679
20130725,12.0,12.05,11.95,11.95,2058902,24674121,465,-0.05,7.584061067381512
20130726,12.0,12.0,11.85,11.9,2345177,27933139,1561,-0.05,7.552328594296233
20130729,11.9,11.95,11.7,11.75,2205039,26011297,574,-0.15,7.457131175040398
20130730,11.75,11.85,11.75,11.8,671814,7932502,297,+0.05,7.488863648125675
20130731,11.85,11.95,11.8,11.85,1738367,20608819,450,+0.05,7.520596121210956
20130801,11.8,11.9,11.8,11.85,701249,8297327,263, 0.00,7.520596121210956
20130802,11.85,12.0,11.8,11.8,2747470,32612679,701,-0.05,7.488863648125675
20130805,11.8,12.15,11.75,12.15,7526421,90597914,1513,+0.35,7.710990959722625
20130806,12.3,12.45,12.15,12.15,16825430,207170994,3701, 0.00,7.710990959722625
20130807,12.1,12.1,11.9,11.9,3469896,41569156,923,-0.25,7.552328594296233
20130808,12.0,12.0,11.75,11.8,4183183,49582393,929,-0.10,7.488863648125675
20130809,11.9,11.9,11.75,11.8,1988863,23522424,497, 0.00,7.488863648125675
20130812,11.8,11.9,11.75,11.85,831893,9843576,354,+0.05,7.520596121210956
20130813,11.9,11.95,11.85,11.9,1976481,23480080,526,+0.05,7.552328594296233
20130814,11.9,11.95,11.75,11.85,1774268,21004252,433,-0.05,7.520596121210956
20130815,11.8,11.85,11.75,11.75,1028231,12121042,273,-0.10,7.457131175040398
20130816,11.7,11.85,11.7,11.8,1728421,20341711,464,+0.05,7.488863648125675
20130819,11.85,11.85,11.6,11.65,3407351,39858563,701,-0.15,7.39366622886984
20130820,11.6,11.75,11.5,11.55,3180739,36910295,575,-0.10,7.330201282699283
20130822,11.5,11.55,11.45,11.45,3180725,36567157,659,-0.10,7.266736336528729
20130823,11.45,11.55,11.45,11.45,4739971,54387760,805, 0.00,7.266736336528729
20130826,11.45,11.55,11.45,11.45,1235994,14169273,284, 0.00,7.266736336528729
20130827,11.4,11.5,11.35,11.35,1771258,20220768,349,-0.10,7.20327139035817
20130828,11.3,11.35,11.2,11.25,1781845,20051954,441,-0.10,7.139806444187615
20130829,11.3,11.35,11.15,11.2,3222909,36225874,658,-0.05,7.1080739711023355
20130830,11.25,11.3,11.15,11.25,2788552,31268720,563,+0.05,7.139806444187615
20130902,11.3,11.3,11.15,11.25,2554926,28695957,548, 0.00,7.139806444187615
20130903,11.35,11.55,11.3,11.45,3585652,41000379,790,+0.20,7.266736336528729
20130904,11.4,11.45,11.35,11.4,1850327,21064798,400,-0.05,7.23500386344345
20130905,11.45,11.5,11.35,11.35,2013771,22963398,483,-0.05,7.20327139035817
20130906,11.35,11.5,11.35,11.35,1916906,21869571,442, 0.00,7.20327139035817
20130909,11.4,11.4,11.2,11.25,1833375,20680690,424,-0.10,7.139806444187615
20130910,11.3,11.35,11.2,11.2,1660869,18684830,413,-0.05,7.1080739711023355
20130911,11.25,11.25,11.15,11.2,1394818,15626703,470, 0.00,7.1080739711023355
20130912,11.35,11.65,11.25,11.5,7553550,86720781,2183,+0.30,7.2984688096140085
20130913,11.5,11.6,11.4,11.4,2129072,24421855,697,-0.10,7.23500386344345
20130914,11.4,11.45,11.35,11.4,713073,8127079,164, 0.00,7.23500386344345
20130916,11.55,11.95,11.55,11.8,9867134,116108054,2037,+0.40,7.488863648125675
20130917,11.75,11.9,11.65,11.65,2343977,27548420,603,-0.15,7.39366622886984
20130918,11.7,11.75,11.6,11.75,2373944,27700432,505,+0.10,7.457131175040398
20130923,11.8,11.9,11.75,11.75,2727750,32218762,686, 0.00,7.457131175040398
20130924,11.8,11.85,11.7,11.75,2091687,24595179,458, 0.00,7.457131175040398
20130925,11.8,11.85,11.65,11.8,2736869,32144106,657,+0.05,7.488863648125675
20130926,11.85,11.9,11.7,11.7,2443399,28838587,560,-0.10,7.425398701955119
20130927,11.7,11.75,11.6,11.6,2349629,27334993,647,-0.10,7.361933755784565
20130930,11.7,11.8,11.65,11.7,2461766,28877613,608,+0.10,7.425398701955119
20131001,11.8,11.85,11.7,11.75,1737812,20439038,431,+0.05,7.457131175040398
20131002,11.8,11.9,11.7,11.85,3902754,46114486,1065,+0.10,7.520596121210956
20131003,11.85,12.05,11.85,11.9,5226544,62467472,1228,+0.05,7.552328594296233
20131004,11.9,12.1,11.85,11.95,5182177,62129835,1208,+0.05,7.584061067381512
20131007,12.05,12.3,11.95,12.1,9253787,112878948,2172,+0.15,7.679258486637344
20131008,12.2,12.3,12.15,12.2,4447594,54280919,901,+0.10,7.742723432807904
20131009,12.2,12.25,12.1,12.1,3919572,47694031,740,-0.10,7.679258486637344
20131011,12.2,12.3,11.9,11.95,3684769,44533035,747,-0.15,7.584061067381512
20131014,12.05,12.05,11.85,11.85,2188749,26184359,757,-0.10,7.520596121210956
20131015,11.95,12.25,11.95,12.15,5648412,68621151,952,+0.30,7.710990959722625
20131016,12.2,12.25,12.05,12.15,2076965,25168360,648, 0.00,7.710990959722625
20131017,12.15,12.25,12.1,12.15,2426611,29508073,603, 0.00,7.710990959722625
20131018,12.2,12.2,12.1,12.2,2348200,28531606,407,+0.05,7.742723432807904
20131021,12.25,12.35,12.15,12.2,5642178,69183692,1084, 0.00,7.742723432807904
20131022,12.2,12.2,12.05,12.05,2625265,31759480,455,-0.15,7.647526013552072
20131023,12.05,12.15,12.0,12.05,3539092,42765004,621, 0.00,7.647526013552072
20131024,12.05,12.15,12.05,12.1,1526005,18417095,355,+0.05,7.679258486637344
20131025,12.1,12.1,12.0,12.0,2447600,29480254,504,-0.10,7.61579354046679
20131028,12.0,12.1,12.0,12.05,1072799,12934738,432,+0.05,7.647526013552072
20131029,12.05,12.4,12.0,12.25,11779631,144879783,2337,+0.20,7.77445590589318
20131030,12.35,12.35,12.15,12.15,3383117,41399953,1060,-0.10,7.710990959722625
20131031,12.15,12.2,12.1,12.15,1793342,21782875,365, 0.00,7.710990959722625
20131101,12.15,12.2,12.0,12.0,1834466,22124792,503,-0.15,7.61579354046679
20131104,12.2,12.3,12.15,12.15,4698124,57441040,1065,+0.15,7.710990959722625
20131105,12.2,12.25,12.05,12.1,1705008,20710546,409,-0.05,7.679258486637344
20131106,12.1,12.15,11.9,12.1,3237529,38978348,584, 0.00,7.679258486637344
20131107,12.15,12.2,11.95,12.0,3473891,41918142,593,-0.10,7.61579354046679
20131108,11.95,12.05,11.8,11.8,4165142,49500353,621,-0.20,7.488863648125675
20131111,11.9,11.95,11.75,11.8,3081036,36411010,475, 0.00,7.488863648125675
20131112,11.9,12.05,11.9,12.0,4967752,59493292,1014,+0.20,7.61579354046679
20131113,12.0,12.05,11.8,11.85,2096584,24873082,442,-0.15,7.520596121210956
20131114,11.9,12.0,11.8,11.9,3586279,42667695,634,+0.05,7.552328594296233
20131115,11.95,12.05,11.9,11.9,3457163,41390813,598, 0.00,7.552328594296233
20131118,12.0,12.1,11.95,12.05,2737994,32931878,1096,+0.15,7.647526013552072
20131119,12.1,12.15,12.05,12.1,2771466,33523707,706,+0.05,7.679258486637344
20131120,12.15,12.15,12.05,12.05,1840855,22283910,745,-0.05,7.647526013552072
20131121,12.05,12.05,11.9,11.95,2206395,26436440,1487,-0.10,7.584061067381512
20131122,12.0,12.1,12.0,12.1,1618096,19499046,702,+0.15,7.679258486637344
20131125,12.15,12.2,12.1,12.15,2542756,30868736,723,+0.05,7.710990959722625
20131126,12.2,12.2,12.1,12.2,2048789,24909872,510,+0.05,7.742723432807904
20131127,12.2,12.2,12.1,12.15,2206289,26811989,599,-0.05,7.710990959722625
20131128,12.15,12.25,12.1,12.1,2418222,29426206,826,-0.05,7.679258486637344
20131129,12.2,12.2,12.1,12.15,3422892,41658282,791,+0.05,7.710990959722625
20131202,12.15,12.45,12.15,12.3,7308904,90074157,1607,+0.15,7.806188378978461
20131203,12.3,12.3,12.2,12.25,1703471,20863284,515,-0.05,7.77445590589318
20131204,12.25,12.3,12.25,12.3,1461786,17938281,422,+0.05,7.806188378978461
20131205,12.4,12.4,12.3,12.35,3537705,43727825,998,+0.05,7.837920852063737
20131206,12.35,12.4,12.35,12.35,2544683,31505387,777, 0.00,7.837920852063737
20131209,12.5,12.7,12.5,12.55,7586419,95658071,1959,+0.20,7.964850744404851
20131210,12.6,12.65,12.5,12.6,3340299,42018830,1027,+0.05,7.996583217490131
20131211,12.6,12.6,12.4,12.45,3014731,37646403,695,-0.15,7.901385798234292
20131212,12.45,12.5,12.35,12.4,1615329,20050287,402,-0.05,7.869653325149015
20131213,12.5,12.6,12.45,12.5,2934630,36769649,764,+0.10,7.933118271319573
20131216,12.5,12.6,12.4,12.5,3066393,38269907,660, 0.00,7.933118271319573
20131217,12.55,12.55,12.4,12.4,1485871,18506891,426,-0.10,7.869653325149015
20131218,12.4,12.45,12.3,12.35,2156165,26666020,786,-0.05,7.837920852063737
20131219,12.4,12.45,12.35,12.35,1347157,16656566,313, 0.00,7.837920852063737
20131220,12.35,12.45,12.3,12.35,1613628,19991912,354, 0.00,7.837920852063737
20131223,12.35,12.45,12.35,12.45,1597995,19824271,602,+0.10,7.901385798234292
20131224,12.45,12.5,12.3,12.35,1772507,21934121,825,-0.10,7.837920852063737
20131225,12.35,12.4,12.3,12.3,1592494,19691866,642,-0.05,7.806188378978461
20131226,12.35,12.4,12.3,12.35,1567248,19344731,720,+0.05,7.837920852063737
20131227,12.35,12.4,12.3,12.4,1078593,13332883,338,+0.05,7.869653325149015
20131230,12.4,12.5,12.35,12.45,1667051,20756364,815,+0.05,7.901385798234292
20131231,12.45,12.5,12.35,12.4,2011143,24969949,482,-0.05,7.869653325149015
20140102,12.45,12.45,12.3,12.4,1712690,21203326,499, 0.00,7.869653325149015
20140103,12.35,12.4,12.25,12.3,1992597,24561637,523,-0.10,7.806188378978461
20140106,12.3,12.35,12.1,12.1,2985618,36424068,719,-0.20,7.679258486637344
20140107,12.1,12.2,12.1,12.2,1952825,23755221,570,+0.10,7.742723432807904
20140108,12.2,12.35,12.15,12.35,4851048,59425172,1192,+0.15,7.837920852063737
20140109,12.4,12.4,12.25,12.35,3109916,38376304,542, 0.00,7.837920852063737
20140110,12.4,12.4,12.3,12.35,2930835,36269857,1012, 0.00,7.837920852063737
20140113,12.4,12.55,12.35,12.35,5519159,68664840,979, 0.00,7.837920852063737
20140114,12.35,12.45,12.3,12.35,1802624,22310166,460, 0.00,7.837920852063737
20140115,12.4,12.45,12.35,12.4,3200725,39696584,733,+0.05,7.869653325149015
20140116,12.4,12.5,12.3,12.3,3074358,38121169,631,-0.10,7.806188378978461
20140117,12.35,12.35,12.2,12.25,1594827,19582829,362,-0.05,7.77445590589318
20140120,12.25,12.3,12.2,12.25,1804509,22094654,575, 0.00,7.77445590589318
20140121,12.25,12.3,12.2,12.25,1517056,18605271,475, 0.00,7.77445590589318
20140122,12.3,12.4,12.3,12.35,1807395,22327694,495,+0.10,7.837920852063737
20140123,12.3,12.35,12.2,12.25,2182133,26739264,755,-0.10,7.77445590589318
20140124,12.25,12.3,12.15,12.2,2316416,28293641,402,-0.05,7.742723432807904
20140127,12.1,12.15,12.05,12.15,1717387,20794176,462,-0.05,7.710990959722625
20140205,12.0,12.2,11.95,12.1,2055569,24871880,738,-0.05,7.679258486637344
20140206,12.15,12.25,12.1,12.15,1388596,16877153,553,+0.05,7.710990959722625
20140207,12.2,12.35,12.15,12.2,1803537,22063708,605,+0.05,7.742723432807904
20140210,12.25,12.4,12.25,12.3,2740200,33840536,563,+0.10,7.806188378978461
20140211,12.3,12.4,12.25,12.4,1427948,17600944,398,+0.10,7.869653325149015
20140212,12.35,12.45,12.25,12.3,2208525,27214768,611,-0.10,7.806188378978461
20140213,12.3,12.35,12.2,12.2,882564,10823318,326,-0.10,7.742723432807904
20140214,12.25,12.35,12.2,12.2,1535341,18771924,461, 0.00,7.742723432807904
20140217,12.25,12.3,12.15,12.15,1723674,21024795,455,-0.05,7.710990959722625
20140218,12.15,12.25,12.1,12.25,1697987,20644129,488,+0.10,7.77445590589318
20140219,12.25,12.3,12.15,12.3,2974406,36354143,510,+0.05,7.806188378978461
20140220,12.3,12.3,12.2,12.25,1468297,17969519,443,-0.05,7.77445590589318
20140221,12.3,12.35,12.2,12.3,2477004,30450335,618,+0.05,7.806188378978461
20140224,12.3,12.3,12.2,12.3,1157341,14173147,487, 0.00,7.806188378978461
20140225,12.25,12.35,12.25,12.25,1317369,16185488,544,-0.05,7.77445590589318
20140226,12.25,12.35,12.2,12.3,2732839,33592022,463,+0.05,7.806188378978461
20140227,12.3,12.3,12.2,12.25,1310311,16077228,336,-0.05,7.77445590589318
20140303,12.2,12.35,12.2,12.2,1204117,14738917,437,-0.05,7.742723432807904
20140304,12.15,12.25,12.15,12.15,990945,12076122,219,-0.05,7.710990959722625
20140305,12.2,12.3,12.15,12.2,1479083,18057636,421,+0.05,7.742723432807904
20140306,12.2,12.25,12.15,12.2,2099152,25605775,672, 0.00,7.742723432807904
20140307,12.2,12.25,12.1,12.15,1572313,19144677,380,-0.05,7.710990959722625
20140310,12.2,12.3,12.1,12.2,843656,10293358,273,+0.05,7.742723432807904
20140311,12.25,12.25,12.05,12.15,2098298,25430291,876,-0.05,7.710990959722625
20140312,12.1,12.2,12.05,12.15,2496215,30304842,422, 0.00,7.710990959722625
20140313,12.15,12.2,12.05,12.1,1065383,12896496,404,-0.05,7.679258486637344
20140314,12.1,12.1,12.0,12.05,2644048,31842076,616,-0.05,7.647526013552072
20140317,12.0,12.1,11.85,11.9,2268545,27135064,920,-0.15,7.552328594296233
20140318,12.0,12.0,11.9,11.95,1216666,14536509,334,+0.05,7.584061067381512
20140319,11.95,12.0,11.85,11.9,1952445,23266640,599,-0.05,7.552328594296233
20140320,11.85,11.9,11.75,11.75,1612590,19019422,461,-0.15,7.457131175040398
20140321,11.75,11.8,11.7,11.75,1291314,15174415,355, 0.00,7.457131175040398
20140324,11.75,11.75,11.6,11.75,1411458,16512645,296, 0.00,7.457131175040398
20140325,11.75,11.8,11.65,11.75,691222,8118831,255, 0.00,7.457131175040398
20140326,11.7,11.8,11.6,11.7,4043861,47095338,1039,-0.05,7.425398701955119
20140327,11.7,11.7,11.6,11.65,1472444,17109565,724,-0.05,7.39366622886984
20140328,11.65,11.7,11.5,11.5,1587702,18397584,476,-0.15,7.2984688096140085
20140331,11.55,11.8,11.55,11.8,1677004,19600892,543,+0.30,7.488863648125675
20140401,11.8,11.85,11.75,11.75,1634129,19261337,454,-0.05,7.457131175040398
20140402,11.8,11.8,11.7,11.7,1157253,13590647,481,-0.05,7.425398701955119
20140403,11.7,11.8,11.6,11.75,2153964,25176838,593,+0.05,7.457131175040398
20140407,11.7,11.75,11.6,11.65,1375533,16057014,681,-0.10,7.39366622886984
20140408,11.6,11.7,11.6,11.65,979686,11412755,509, 0.00,7.39366622886984
20140409,11.65,11.75,11.6,11.7,879174,10254194,609,+0.05,7.425398701955119
20140410,11.7,11.75,11.6,11.7,2300483,26813255,894, 0.00,7.425398701955119
20140411,11.6,11.65,11.45,11.55,2889017,33371189,715,-0.15,7.330201282699283
20140414,11.55,11.55,11.35,11.45,2113675,24168230,550,-0.10,7.266736336528729
20140415,11.5,11.5,11.3,11.3,3008845,34205032,1134,-0.15,7.171538917272893
20140416,11.35,11.5,11.3,11.45,1602943,18290633,800,+0.15,7.266736336528729
20140417,11.45,11.5,11.35,11.45,1934854,22031022,808, 0.00,7.266736336528729
20140418,11.4,11.45,11.35,11.4,1669429,18983307,539,-0.05,7.23500386344345
20140421,11.5,11.55,11.4,11.4,2389078,27430818,627, 0.00,7.23500386344345
20140422,11.4,11.5,11.3,11.35,2120757,24137689,750,-0.05,7.20327139035817
20140423,11.4,11.4,11.25,11.3,2295228,25960253,743,-0.05,7.171538917272893
20140424,11.3,11.35,11.15,11.2,2422478,27200692,814,-0.10,7.1080739711023355
20140425,11.2,11.2,10.8,10.8,4197666,45909282,1553,-0.40,6.85421418642011
20140428,10.7,10.7,10.55,10.6,3477822,36989463,985,-0.20,6.727284294078997
20140429,10.6,10.75,10.6,10.65,2354603,25030835,989,+0.05,6.759016767164276
20140430,10.65,10.7,10.5,10.65,1911716,20245283,649, 0.00,6.759016767164276
20140502,10.65,10.75,10.6,10.65,1161851,12397212,469, 0.00,6.759016767164276
20140505,10.65,10.75,10.55,10.6,1604818,17075365,685,-0.05,6.727284294078997
20140506,10.6,10.7,10.55,10.65,1824539,19320105,784,+0.05,6.759016767164276
20140507,10.65,10.65,10.55,10.65,1344666,14246982,567, 0.00,6.759016767164276
20140508,10.65,10.7,10.6,10.7,1474747,15719690,507,+0.05,6.7907492402495535
20140509,10.65,10.75,10.6,10.7,1096280,11696219,394, 0.00,6.7907492402495535
20140512,10.7,10.7,10.55,10.7,2397235,25382580,747, 0.00,6.7907492402495535
20140513,10.65,10.7,10.55,10.65,1381293,14660598,617,-0.05,6.759016767164276
20140514,10.6,10.65,10.55,10.6,1388067,14707893,546,-0.05,6.727284294078997
20140515,10.6,10.65,10.55,10.65,1713405,18164987,458,+0.05,6.759016767164276
20140516,10.65,10.65,10.55,10.65,1179497,12482113,722, 0.00,6.759016767164276
20140519,10.65,10.65,10.5,10.6,3874798,40851677,870,-0.05,6.727284294078997
20140520,10.55,10.6,10.5,10.5,1161521,12239483,596,-0.10,6.663819347908438
20140521,10.5,10.55,10.45,10.55,4171658,43871310,624,+0.05,6.695551820993719
20140522,10.55,10.6,10.45,10.5,2881403,30225547,1211,-0.05,6.663819347908438
20140523,10.5,10.5,10.35,10.5,3904433,40722161,976, 0.00,6.663819347908438
20140526,10.55,10.55,10.4,10.45,3506788,36690086,682,-0.05,6.632086874823162
20140527,10.4,10.5,10.4,10.45,2353298,24525139,551, 0.00,6.632086874823162
20140528,10.45,10.5,10.45,10.5,2565911,26846817,531,+0.05,6.663819347908438
20140529,10.5,10.55,10.4,10.45,3568738,37346262,720,-0.05,6.632086874823162
20140530,10.45,10.55,10.45,10.55,1457070,15303656,429,+0.10,6.695551820993719
20140603,10.55,10.6,10.45,10.55,1475430,15508778,621, 0.00,6.695551820993719
20140604,10.5,10.55,10.45,10.55,1351213,14197778,291, 0.00,6.695551820993719
20140605,10.55,10.55,10.45,10.55,2262000,23732980,388, 0.00,6.695551820993719
20140606,10.55,10.55,10.45,10.55,1399431,14712238,296, 0.00,6.695551820993719
20140609,10.55,10.55,10.5,10.55,1697178,17840137,396, 0.00,6.695551820993719
20140610,10.5,10.6,10.5,10.6,1993279,20992114,534,+0.05,6.727284294078997
20140611,10.55,10.65,10.55,10.65,1784596,18906270,516,+0.05,6.759016767164276
20140612,10.6,10.65,10.55,10.55,2456115,25973900,497,-0.10,6.695551820993719
20140613,10.55,10.55,10.45,10.45,2056042,21583025,461,-0.10,6.632086874823162
20140616,10.45,10.55,10.45,10.5,1096164,11522548,307,+0.05,6.663819347908438
20140617,10.5,10.7,10.45,10.6,2755100,29176943,623,+0.10,6.727284294078997
20140618,10.55,10.65,10.5,10.6,1905722,20170126,1173, 0.00,6.727284294078997
20140619,10.6,10.65,10.5,10.55,1598180,16840721,492,-0.05,6.695551820993719
20140620,10.5,10.6,10.45,10.5,1324770,13915441,393,-0.05,6.663819347908438
20140623,10.5,10.55,10.4,10.45,3408541,35545359,683,-0.05,6.632086874823162
20140624,10.5,10.5,10.4,10.4,1685084,17597160,641,-0.05,6.600354401737884
20140625,10.45,10.5,10.4,10.4,3882275,40399030,929, 0.00,6.600354401737884
20140626,10.4,10.5,10.4,10.4,1983177,20693160,675, 0.00,6.600354401737884
20140627,10.4,10.45,10.35,10.4,1921260,19988295,567, 0.00,6.600354401737884
20140630,10.4,10.45,10.35,10.45,2317800,24091051,611,+0.05,6.632086874823162
20140701,10.45,10.5,10.4,10.5,974002,10180756,308,+0.05,6.663819347908438
20140702,10.5,10.5,10.4,10.45,2070465,21616521,506,-0.05,6.632086874823162
20140703,10.45,10.5,10.4,10.45,1084091,11307031,268, 0.00,6.632086874823162
20140704,10.4,10.5,10.4,10.45,992236,10342535,310, 0.00,6.632086874823162
20140707,10.45,10.5,10.35,10.4,1800579,18752271,408,-0.05,6.600354401737884
20140708,10.4,10.5,10.4,10.5,1060705,11092900,244,+0.10,6.663819347908438
20140709,10.45,10.5,10.4,10.5,1242287,12992088,370, 0.00,6.663819347908438
20140710,10.45,10.5,10.4,10.5,1489404,15569887,439, 0.00,6.663819347908438
20140711,10.45,10.7,10.45,10.6,4384119,46454287,962,+0.10,6.727284294078997
20140714,10.7,10.75,10.65,10.7,2327341,24930997,612,+0.10,6.7907492402495535
20140715,10.75,10.8,10.7,10.75,2120792,22785306,448,+0.05,6.82248171333483
20140716,10.75,10.8,10.6,10.7,2152962,22982586,570,-0.05,6.7907492402495535
20140717,10.75,10.8,10.6,10.7,1588343,16984914,505, 0.00,6.7907492402495535
20140718,10.65,10.75,10.6,10.7,676975,7228819,247, 0.00,6.7907492402495535
20140721,10.75,10.8,10.7,10.75,1137785,12235671,331,+0.05,6.82248171333483
20140722,10.75,10.95,10.75,10.9,2332758,25339366,876,+0.15,6.917679132590669
20140724,10.45,10.6,10.35,10.6,9052752,95155630,1458,-0.30,6.727284294078997
20140725,10.6,10.65,10.5,10.55,3225796,34055146,649,-0.05,6.695551820993719
20140728,10.55,10.6,10.5,10.55,1932645,20406409,743, 0.00,6.695551820993719
20140729,10.55,10.65,10.5,10.5,3492345,36844177,1002,-0.05,6.663819347908438
20140730,10.55,10.65,10.5,10.65,1474807,15656487,531,+0.15,6.759016767164276
20140731,10.65,10.65,10.55,10.6,1267380,13460261,395,-0.05,6.727284294078997
20140801,10.6,10.65,10.55,10.65,1518544,16109858,589,+0.05,6.759016767164276
20140804,10.7,11.0,10.7,10.75,4388653,47677311,1096,+0.10,6.82248171333483
20140805,10.75,10.85,10.7,10.7,1042462,11203593,309,-0.05,6.7907492402495535
20140806,10.7,10.75,10.6,10.65,1814443,19326434,463,-0.05,6.759016767164276
20140807,10.65,10.7,10.55,10.65,1357503,14393074,511, 0.00,6.759016767164276
20140808,10.6,10.6,10.45,10.5,1813062,19059042,764,-0.15,6.663819347908438
20140811,10.55,10.6,10.5,10.6,1149569,12133366,413,+0.10,6.727284294078997
20140812,10.65,10.65,10.5,10.6,1174749,12420012,498, 0.00,6.727284294078997
20140813,10.5,10.65,10.5,10.6,1808493,19101972,722, 0.00,6.727284294078997
20140814,10.6,10.6,10.5,10.6,1011831,10667470,468, 0.00,6.727284294078997
20140815,10.6,10.6,10.5,10.5,1226711,12905570,313,-0.10,6.663819347908438
20140818,10.5,10.6,10.4,10.4,1866443,19526198,512,-0.10,6.600354401737884
20140819,10.4,10.5,10.4,10.5,880862,9200708,315,+0.10,6.663819347908438
20140820,10.5,10.55,10.45,10.5,985612,10334485,235, 0.00,6.663819347908438
20140821,10.5,10.5,10.4,10.5,879220,9181956,234, 0.00,6.663819347908438
20140822,10.5,10.6,10.45,10.6,1899641,20026721,530,+0.10,6.727284294078997
20140825,10.6,10.6,10.5,10.55,741179,7831626,371,-0.05,6.695551820993719
20140826,10.55,10.6,10.5,10.55,662522,6984876,241, 0.00,6.695551820993719
20140827,10.55,10.6,10.5,10.6,1189226,12542914,519,+0.05,6.727284294078997
20140828,10.6,10.6,10.5,10.55,1814743,19128691,417,-0.05,6.695551820993719
20140829,10.5,10.65,10.5,10.6,1418767,14988231,529,+0.05,6.727284294078997
20140901,10.6,10.65,10.55,10.6,1286435,13618878,372, 0.00,6.727284294078997
20140902,10.55,10.6,10.55,10.6,943246,9980145,316, 0.00,6.727284294078997
20140903,10.6,10.65,10.55,10.6,696876,7389740,168, 0.00,6.727284294078997
20140904,10.6,10.65,10.55,10.6,841650,8915166,246, 0.00,6.727284294078997
20140905,10.65,10.65,10.55,10.65,1040830,11055341,211,+0.05,6.759016767164276
20140909,11.35,11.35,11.25,11.35,12650185,143565171,1861,+0.70,7.20327139035817
20140910,11.45,11.45,11.25,11.4,11592523,131969121,2326,+0.05,7.23500386344345
20140911,11.45,11.45,11.1,11.1,4034081,45370783,896,-0.30,7.04460902493178
20140912,11.15,11.2,10.9,10.95,4079835,44902189,792,-0.15,6.9494116056759445
20140915,10.9,11.05,10.9,11.0,1327475,14530323,363,+0.05,6.981144078761226
20140916,10.95,10.95,10.8,10.95,2279321,24784590,418,-0.05,6.9494116056759445
20140917,10.95,11.0,10.8,10.8,1800331,19645913,872,-0.15,6.85421418642011
20140918,10.85,10.9,10.75,10.85,1633638,17685732,375,+0.05,6.885946659505389
20140919,10.85,10.85,10.75,10.85,1192975,12902373,298, 0.00,6.885946659505389
20140922,10.85,10.85,10.7,10.75,1401165,15059005,420,-0.10,6.82248171333483
20140923,10.7,10.8,10.65,10.8,1202035,12894126,321,+0.05,6.85421418642011
20140924,10.75,10.8,10.7,10.8,1114887,12007729,501, 0.00,6.85421418642011
20140925,10.85,10.85,10.65,10.7,1268210,13568625,392,-0.10,6.7907492402495535
20140926,10.6,10.75,10.6,10.75,1063893,11329594,353,+0.05,6.82248171333483
20140929,10.75,10.75,10.7,10.75,682247,7315682,222, 0.00,6.82248171333483
20140930,10.7,10.85,10.6,10.75,1750941,18731906,662, 0.00,6.82248171333483
20141001,10.7,10.8,10.65,10.8,647968,6947995,218,+0.05,6.85421418642011
20141002,10.75,10.75,10.65,10.75,536983,5759514,164,-0.05,6.82248171333483
20141003,10.75,10.8,10.7,10.8,1046252,11264550,262,+0.05,6.85421418642011
20141006,10.75,10.9,10.7,10.75,1069131,11535643,238,-0.05,6.82248171333483
20141007,10.75,10.85,10.7,10.8,921808,9949731,337,+0.05,6.85421418642011
20141008,10.75,10.8,10.7,10.7,554518,5959462,165,-0.10,6.7907492402495535
20141009,10.7,10.8,10.7,10.75,1533558,16483379,311,+0.05,6.82248171333483
20141013,10.7,10.7,10.5,10.55,2411363,25482871,501,-0.20,6.695551820993719
20141014,10.5,10.6,10.5,10.6,1386889,14626780,270,+0.05,6.727284294078997
20141015,10.55,10.6,10.45,10.5,2089651,21979108,628,-0.10,6.663819347908438
20141016,10.5,10.5,10.15,10.3,1924173,19850575,462,-0.20,6.536889455567328
20141017,10.2,10.4,10.15,10.3,2596454,26611526,677, 0.00,6.536889455567328
20141020,10.3,10.4,10.25,10.3,1047595,10808922,371, 0.00,6.536889455567328
20141021,10.3,10.3,10.2,10.3,806616,8280304,211, 0.00,6.536889455567328
20141022,10.3,10.35,10.25,10.35,1392605,14352574,283,+0.05,6.568621928652605
20141023,10.3,10.35,10.25,10.3,771317,7949205,219,-0.05,6.536889455567328
20141024,10.3,10.35,10.25,10.25,973762,10005242,291,-0.05,6.50515698248205
20141027,10.25,10.3,10.2,10.25,732548,7517483,289, 0.00,6.50515698248205
20141028,10.35,10.35,10.25,10.3,724258,7465832,338,+0.05,6.536889455567328
20141029,10.35,10.4,10.3,10.35,694860,7195600,229,+0.05,6.568621928652605
20141030,10.35,10.45,10.35,10.4,729340,7584657,278,+0.05,6.600354401737884
20141031,10.4,10.8,10.4,10.75,3749576,40112345,1000,+0.35,6.82248171333483
20141103,10.75,10.85,10.7,10.7,1158884,12450938,391,-0.05,6.7907492402495535
20141104,10.75,10.8,10.65,10.7,793038,8491995,189, 0.00,6.7907492402495535
20141105,10.8,10.95,10.75,10.75,2855746,30945067,662,+0.05,6.82248171333483
20141106,10.75,10.75,10.5,10.5,2250469,23910621,412,-0.25,6.663819347908438
20141107,10.5,10.65,10.5,10.6,942707,9982065,236,+0.10,6.727284294078997
20141110,10.65,10.75,10.65,10.7,1023036,10939821,331,+0.10,6.7907492402495535
20141111,10.7,10.8,10.65,10.65,844843,9057417,357,-0.05,6.759016767164276
20141112,10.65,10.65,10.55,10.55,1338422,14178577,277,-0.10,6.695551820993719
20141113,10.65,10.65,10.55,10.6,774190,8206145,233,+0.05,6.727284294078997
20141114,10.7,10.7,10.55,10.6,1253345,13319581,347, 0.00,6.727284294078997
20141117,10.65,10.65,10.45,10.5,1447650,15244755,314,-0.10,6.663819347908438
20141118,10.5,10.6,10.4,10.55,1248219,13082627,310,+0.05,6.695551820993719
20141119,10.55,10.65,10.45,10.6,1291778,13624259,347,+0.05,6.727284294078997
20141120,10.55,10.65,10.55,10.6,868995,9202184,211, 0.00,6.727284294078997
20141121,10.55,10.65,10.55,10.6,1950606,20704458,293, 0.00,6.727284294078997
20141124,10.6,10.65,10.55,10.6,1040583,11039990,236, 0.00,6.727284294078997
20141125,10.65,10.65,10.5,10.5,1441119,15214988,276,-0.10,6.663819347908438
20141126,10.55,10.6,10.5,10.6,1081952,11430438,350,+0.10,6.727284294078997
20141127,10.6,10.65,10.6,10.65,1064202,11287178,337,+0.05,6.759016767164276
20141128,10.65,10.75,10.6,10.7,1894123,20226690,499,+0.05,6.7907492402495535
20141201,10.5,10.8,10.5,10.75,2071016,22090961,464,+0.05,6.82248171333483
20141202,10.7,11.25,10.7,11.0,12299763,135819634,2611,+0.25,6.981144078761226
20141203,11.0,11.1,10.95,11.1,3489290,38470190,831,+0.10,7.04460902493178
20141204,11.1,11.1,10.95,10.95,1787904,19637140,475,-0.15,6.9494116056759445
20141205,10.95,11.0,10.85,10.85,1875869,20499161,480,-0.10,6.885946659505389
20141208,10.85,10.95,10.8,10.9,2047262,22260479,384,+0.05,6.917679132590669
20141209,10.9,10.9,10.8,10.8,1450035,15707670,287,-0.10,6.85421418642011
20141210,10.75,10.8,10.7,10.8,1903134,20481239,297, 0.00,6.85421418642011
20141211,10.8,10.8,10.75,10.75,412397,4436039,119,-0.05,6.82248171333483
20141212,10.75,10.9,10.75,10.8,893533,9672820,230,+0.05,6.85421418642011
20141215,10.75,10.75,10.65,10.7,1303525,13940779,367,-0.10,6.7907492402495535
20141216,10.7,10.85,10.7,10.8,1460060,15741381,527,+0.10,6.85421418642011
20141217,10.8,10.85,10.75,10.75,1502747,16214358,639,-0.05,6.82248171333483
20141218,10.75,10.85,10.65,10.65,1467381,15799977,322,-0.10,6.759016767164276
20141219,10.75,10.8,10.6,10.6,1282094,13693781,395,-0.05,6.727284294078997
20141222,10.65,10.7,10.65,10.7,738172,7868261,179,+0.10,6.7907492402495535
20141223,10.7,10.75,10.7,10.75,818671,8770537,216,+0.05,6.82248171333483
20141224,10.7,10.8,10.7,10.75,976582,10494967,241, 0.00,6.82248171333483
20141225,10.8,11.05,10.8,10.9,3653760,39941468,871,+0.15,6.917679132590669
20141226,10.85,10.95,10.85,10.85,1063345,11569512,438,-0.05,6.885946659505389
20141227,10.9,10.95,10.85,10.85,1471183,16014063,392, 0.00,6.885946659505389
20141229,10.9,10.95,10.85,10.9,949998,10356012,310,+0.05,6.917679132590669
20141230,10.9,11.1,10.85,11.05,6880432,75763402,1181,+0.15,7.012876551846502
20141231,11.05,11.1,10.95,11.05,2987651,32951061,565, 0.00,7.012876551846502
20150105,11.05,11.1,10.95,11.1,1545353,17049083,451,+0.05,7.04460902493178
20150106,11.0,11.05,10.9,11.0,1903973,20899998,522,-0.10,6.981144078761226
20150107,11.0,11.05,10.9,11.0,1421695,15609514,446, 0.00,6.981144078761226
20150108,11.0,11.05,10.95,10.95,1094281,11994998,249,-0.05,6.9494116056759445
20150109,11.0,11.0,10.9,10.95,899097,9826187,296, 0.00,6.9494116056759445
20150112,10.9,10.95,10.85,10.85,711349,7758560,187,-0.10,6.885946659505389
20150113,10.85,11.0,10.85,10.9,588271,6430116,252,+0.05,6.917679132590669
20150114,10.9,11.1,10.9,10.9,2112382,23199601,426, 0.00,6.917679132590669
20150115,10.9,11.0,10.9,10.9,949158,10401063,221, 0.00,6.917679132590669
20150116,11.0,11.0,10.85,10.85,1480030,16142160,429,-0.05,6.885946659505389
20150119,10.9,10.95,10.85,10.9,851187,9289469,254,+0.05,6.917679132590669
20150120,10.85,10.95,10.8,10.9,1646908,17890444,340, 0.00,6.917679132590669
20150121,10.95,10.95,10.85,10.85,482244,5244766,255,-0.05,6.885946659505389
20150122,10.9,10.95,10.85,10.9,382241,4165894,225,+0.05,6.917679132590669
20150123,10.9,10.95,10.85,10.85,1617934,17616573,344,-0.05,6.885946659505389
20150126,10.85,10.9,10.8,10.8,1145032,12404832,285,-0.05,6.85421418642011
20150127,10.8,10.9,10.8,10.85,1157383,12516423,266,+0.05,6.885946659505389
20150128,10.8,10.85,10.8,10.8,369612,3993967,124,-0.05,6.85421418642011
20150129,10.8,10.8,10.75,10.75,414039,4456105,175,-0.05,6.82248171333483
20150130,10.8,10.85,10.75,10.75,682186,7375744,171, 0.00,6.82248171333483
20150202,10.75,10.8,10.7,10.75,354886,3814018,161, 0.00,6.82248171333483
20150203,10.8,10.8,10.75,10.75,345953,3726490,146, 0.00,6.82248171333483
20150204,10.8,10.85,10.5,10.65,6214337,66097760,1204,-0.10,6.759016767164276
20150205,10.5,10.55,10.4,10.5,3159383,33093865,671,-0.15,6.663819347908438
20150206,10.45,10.5,10.35,10.45,2453125,25590637,517,-0.05,6.632086874823162
20150209,10.4,10.45,10.3,10.4,1516139,15722771,337,-0.05,6.600354401737884
20150210,10.35,10.45,10.35,10.4,738037,7681424,386, 0.00,6.600354401737884
20150211,10.4,10.45,10.35,10.45,786421,8171503,326,+0.05,6.632086874823162
20150212,10.4,10.45,10.3,10.35,777325,8050899,231,-0.10,6.568621928652605
20150213,10.4,10.45,10.35,10.4,1288481,13387295,321,+0.05,6.600354401737884
20150224,10.4,10.45,10.35,10.4,1001628,10418281,301, 0.00,6.600354401737884
20150225,10.45,10.5,10.35,10.4,936678,9755602,235, 0.00,6.600354401737884
20150226,10.4,10.45,10.35,10.4,833487,8653273,202, 0.00,6.600354401737884
20150302,10.4,10.45,10.35,10.35,1343996,13980935,233,-0.05,6.568621928652605
20150303,10.4,10.5,10.4,10.45,493595,5148148,169,+0.10,6.632086874823162
20150304,10.4,10.5,10.4,10.4,889321,9313399,390,-0.05,6.600354401737884
20150305,10.45,10.5,10.4,10.5,470891,4925251,204,+0.10,6.663819347908438
20150306,10.45,10.55,10.45,10.5,783838,8218299,229, 0.00,6.663819347908438
20150309,10.5,10.55,10.45,10.55,765379,8050110,246,+0.05,6.695551820993719
20150310,10.55,10.6,10.45,10.45,519496,5456313,234,-0.10,6.632086874823162
20150311,10.45,10.5,10.45,10.45,1416130,14852088,373, 0.00,6.632086874823162
20150312,10.5,10.55,10.45,10.45,778068,8159894,237, 0.00,6.632086874823162
20150313,10.5,10.55,10.45,10.45,1030590,10805164,243, 0.00,6.632086874823162
20150316,10.45,10.5,10.45,10.45,974021,10190199,291, 0.00,6.632086874823162
20150317,10.45,10.5,10.45,10.45,804387,8407964,189, 0.00,6.632086874823162
20150318,10.45,10.5,10.4,10.5,833137,8716116,444,+0.05,6.663819347908438
20150319,10.5,10.55,10.45,10.5,792210,8300559,300, 0.00,6.663819347908438
20150320,10.5,10.5,10.4,10.4,1716707,17942175,481,-0.10,6.600354401737884
20150323,10.5,10.55,10.45,10.5,1009265,10599734,281,+0.10,6.663819347908438
20150324,10.55,10.6,10.5,10.5,1154390,12188714,267, 0.00,6.663819347908438
20150325,10.55,10.55,10.5,10.55,763282,8045312,382,+0.05,6.695551820993719
20150326,10.5,10.6,10.5,10.5,486190,5125772,374,-0.05,6.663819347908438
20150327,10.5,10.55,10.5,10.55,1069907,11257221,444,+0.05,6.695551820993719
20150330,10.55,10.55,10.45,10.5,1124881,11811715,461,-0.05,6.663819347908438
20150331,10.55,10.6,10.5,10.55,1758754,18522617,697,+0.05,6.695551820993719
20150401,10.55,10.6,10.5,10.5,1024967,10789357,457,-0.05,6.663819347908438
20150402,10.5,10.55,10.45,10.5,861742,9037753,371, 0.00,6.663819347908438
20150407,10.5,10.55,10.45,10.5,1063563,11171427,562, 0.00,6.663819347908438
20150408,10.5,10.55,10.5,10.55,620040,6519230,487,+0.05,6.695551820993719
20150409,10.55,10.6,10.5,10.5,1005039,10599679,344,-0.05,6.663819347908438
20150410,10.5,10.6,10.45,10.5,1117490,11737149,312, 0.00,6.663819347908438
20150413,10.5,10.5,10.45,10.5,654745,6863994,249, 0.00,6.663819347908438
20150414,10.5,10.5,10.45,10.45,407832,4269478,147,-0.05,6.632086874823162
20150415,10.5,10.5,10.4,10.45,1093010,11431091,467, 0.00,6.632086874823162
20150416,10.45,10.5,10.4,10.45,1099180,11468457,381, 0.00,6.632086874823162
20150417,10.45,10.45,10.4,10.45,786066,8202426,353, 0.00,6.632086874823162
20150420,10.45,10.45,10.3,10.4,2198057,22764681,368,-0.05,6.600354401737884
20150421,10.4,10.4,10.35,10.35,734958,7620406,209,-0.05,6.568621928652605
20150422,10.35,10.4,10.3,10.35,1187492,12275650,266, 0.00,6.568621928652605
20150423,10.4,10.55,10.4,10.45,3297659,34492837,810,+0.10,6.632086874823162
20150424,10.45,10.55,10.45,10.45,1866866,19610990,627, 0.00,6.632086874823162
20150427,10.5,10.55,10.3,10.35,9343990,97087923,1215,-0.10,6.568621928652605
20150428,10.4,10.4,10.25,10.35,3905001,40252579,766, 0.00,6.568621928652605
20150429,10.35,10.45,10.35,10.45,2082726,21686447,662,+0.10,6.632086874823162
20150430,10.45,10.5,10.4,10.45,1171029,12242938,480, 0.00,6.632086874823162
20150504,10.45,10.45,10.4,10.4,920870,9589885,225,-0.05,6.600354401737884
20150505,10.4,10.45,10.35,10.35,626829,6520875,264,-0.05,6.568621928652605
20150506,10.35,10.45,10.35,10.45,989622,10302572,352,+0.10,6.632086874823162
20150507,10.45,10.45,10.35,10.4,921111,9585834,407,-0.05,6.600354401737884
20150508,10.35,10.45,10.35,10.45,772662,8036293,263,+0.05,6.632086874823162
20150511,10.45,10.45,10.3,10.35,1259694,13068277,435,-0.10,6.568621928652605
20150512,10.3,10.4,10.3,10.35,601185,6219498,263, 0.00,6.568621928652605
20150513,10.35,10.35,10.25,10.25,985166,10141885,274,-0.10,6.50515698248205
20150514,10.3,10.3,10.2,10.2,1511226,15475197,377,-0.05,6.473424509396771
20150515,10.25,10.3,10.2,10.2,1232616,12619575,267, 0.00,6.473424509396771
20150518,10.2,10.3,10.05,10.1,1636813,16584662,481,-0.10,6.409959563226215
20150519,10.1,10.15,10.05,10.05,1608092,16226461,416,-0.05,6.378227090140935
20150520,10.1,10.1,9.96,10.05,3127387,31290750,823, 0.00,6.378227090140935
20150521,10.0,10.05,9.95,10.0,1357422,13534396,478,-0.05,6.346494617055659
20150522,10.0,10.0,9.93,10.0,1267280,12631800,405, 0.00,6.346494617055659
20150525,9.99,9.99,9.92,9.98,1242630,12364446,424,-0.02,6.333801627821548
20150526,9.98,10.0,9.92,9.99,1884782,18738965,352,+0.01,6.340148122438602
20150527,9.99,10.0,9.91,10.0,1439696,14321364,331,+0.01,6.346494617055659
20150528,10.0,10.05,9.96,10.05,1066891,10674160,444,+0.05,6.378227090140935
20150529,10.05,10.1,9.99,10.0,3970531,39856877,487,-0.05,6.346494617055659
20150601,10.0,10.05,9.95,10.0,1075424,10734559,161, 0.00,6.346494617055659
20150602,10.0,10.05,9.96,9.97,985493,9839931,237,-0.03,6.327455133204491
20150603,9.99,9.99,9.9,9.97,3513998,34915591,599, 0.00,6.327455133204491
20150604,9.97,9.98,9.89,9.98,3563848,35406816,887,+0.01,6.333801627821548
20150605,9.97,10.0,9.92,10.0,2098376,20871364,643,+0.02,6.346494617055659
20150608,10.0,10.05,9.96,10.0,1051758,10517633,337, 0.00,6.346494617055659
20150609,10.0,10.0,9.93,9.96,1798912,17924273,404,-0.04,6.321108638587437
20150610,9.94,10.0,9.94,9.97,1604769,15979637,299,+0.01,6.327455133204491
20150611,9.95,9.97,9.88,9.95,1866511,18511337,593,-0.02,6.314762143970379
20150612,9.96,9.96,9.9,9.9,1547962,15339386,397,-0.05,6.283029670885102
20150615,9.94,9.94,9.88,9.9,747435,7400865,202, 0.00,6.283029670885102
20150616,9.88,9.9,9.87,9.89,927979,9176808,202,-0.01,6.276683176268044
20150617,9.9,9.94,9.87,9.94,1491932,14769789,729,+0.05,6.308415649353323
20150618,9.88,9.95,9.87,9.94,1027925,10183513,316, 0.00,6.308415649353323
20150622,9.94,9.94,9.9,9.94,1871340,18570852,205, 0.00,6.308415649353323
20150623,9.91,9.96,9.91,9.96,1057286,10512300,262,+0.02,6.321108638587437
20150624,9.96,9.97,9.93,9.97,870610,8669175,300,+0.01,6.327455133204491
20150625,9.97,9.98,9.95,9.97,974864,9713351,210, 0.00,6.327455133204491
20150626,9.9,9.97,9.9,9.95,1207338,11998756,286,-0.02,6.314762143970379
20150629,9.88,9.95,9.88,9.94,1123599,11134086,312,-0.01,6.308415649353323
20150630,9.9,9.95,9.89,9.94,1278443,12680362,196, 0.00,6.308415649353323
20150701,9.94,9.94,9.9,9.94,1405517,13944589,229, 0.00,6.308415649353323
20150702,9.94,9.94,9.9,9.92,936729,9290979,260,-0.02,6.295722660119213
20150703,9.94,9.94,9.85,9.85,1546217,15285546,433,-0.07,6.251297197799822
20150706,9.89,9.89,9.82,9.85,9305336,91619913,577, 0.00,6.251297197799822
20150707,9.63,9.66,9.61,9.63,1521306,14654215,433,X0.00,6.370369525376964
20150708,9.63,9.63,9.41,9.48,1807048,17168788,575,-0.15,6.271142585729345
20150709,9.42,9.42,9.14,9.23,2291719,21223686,549,-0.25,6.10576435298332
20150713,9.28,9.28,9.22,9.23,907252,8380495,269, 0.00,6.10576435298332
20150714,9.25,9.33,9.23,9.26,1335777,12383708,361,+0.03,6.125609740912843
20150715,9.29,9.29,9.21,9.28,1167100,10796287,321,+0.02,6.138839999532525
20150716,9.29,9.45,9.28,9.42,2273926,21328288,480,+0.14,6.2314518098703005
20150717,9.46,9.46,9.33,9.33,923318,8668041,246,-0.09,6.17191564608173
20150720,9.35,9.35,9.26,9.28,584598,5436711,225,-0.05,6.138839999532525
20150721,9.3,9.31,9.25,9.26,650862,6033209,143,-0.02,6.125609740912843
20150722,9.26,9.26,9.21,9.25,709921,6550800,197,-0.01,6.118994611603001
20150723,9.26,9.26,9.2,9.23,489047,4510439,199,-0.02,6.10576435298332
20150724,9.27,9.27,9.19,9.23,418529,3856883,135, 0.00,6.10576435298332
20150727,9.26,9.26,9.01,9.14,1023108,9360476,321,-0.09,6.046228189194749
20150728,9.13,9.13,8.99,9.07,1261611,11400331,491,-0.07,5.999922284025862
20150729,9.02,9.02,8.9,8.99,1347523,12067766,309,-0.08,5.9470012495471325
20150730,8.99,9.05,8.96,9.04,845425,7619005,249,+0.05,5.980076896096338
20150731,9.0,9.0,8.92,9.0,725924,6513867,213,-0.04,5.953616378856975
20150803,9.0,9.0,8.86,8.88,918129,8166775,324,-0.12,5.874234827138883
20150804,8.93,8.93,8.83,8.9,1016268,9020782,214,+0.02,5.8874650857585635
20150805,8.92,8.96,8.85,8.93,829902,7389309,256,+0.03,5.907310473688086
20150806,8.98,8.98,8.87,8.92,420110,3744107,162,-0.01,5.900695344378247
20150807,8.96,8.96,8.84,8.9,717227,6357891,224,-0.02,5.8874650857585635
20150810,8.92,8.94,8.86,8.9,565952,5033091,327, 0.00,5.8874650857585635
20150811,8.9,8.95,8.82,8.89,991574,8799642,372,-0.01,5.8808499564487215
20150812,8.88,8.89,8.78,8.83,842287,7417700,267,-0.06,5.841159180589677
20150813,8.81,8.82,8.68,8.72,803829,7010374,237,-0.11,5.768392758181426
20150814,8.72,8.77,8.68,8.72,696075,6068625,203, 0.00,5.768392758181426
20150817,8.7,8.72,8.5,8.52,734802,6306145,234,-0.20,5.636090171984602
20150818,8.5,8.54,8.3,8.32,950795,7996942,302,-0.20,5.503787585787781
20150819,8.2,8.2,7.87,7.87,3852660,30700338,951,-0.45,5.206106766844933
20150820,7.89,7.9,7.83,7.84,1384616,10869174,333,-0.03,5.186261378915408
20150821,7.8,7.8,7.31,7.37,2670984,20037378,647,-0.47,4.875350301352878
20150824,7.12,7.17,6.64,6.67,5263109,35548513,1081,-0.70,4.412291249664001
20150825,6.58,7.33,6.4,7.33,3045429,21415587,1059,+0.66,4.8488897841135135
20150826,7.7,7.74,7.38,7.74,2905368,22112726,895,+0.41,5.120110085816998
20150827,7.9,8.08,7.84,8.06,2390835,18976026,942,+0.32,5.3317942237319125
20150828,8.09,8.2,8.0,8.2,2654823,21521084,641,+0.14,5.424406034069687
20150831,8.2,8.5,8.19,8.5,2709357,22433821,649,+0.30,5.622859913364921
20150901,8.48,8.53,8.37,8.5,2223802,18802457,409, 0.00,5.622859913364921
20150902,8.41,8.66,8.32,8.66,1931983,16462750,383,+0.16,5.728701982322379
20150903,8.69,8.74,8.6,8.71,1709583,14834183,335,+0.05,5.761777628871583
20150904,8.73,8.73,8.6,8.69,1796598,15584530,361,-0.02,5.7485473702519
20150907,8.66,8.71,8.58,8.69,1614456,13989765,240, 0.00,5.7485473702519
20150908,8.73,8.73,8.69,8.73,1427029,12432856,365,+0.04,5.775007887491266
20150909,8.79,8.87,8.78,8.87,1073190,9475708,305,+0.14,5.867619697829039
20150910,8.87,9.0,8.83,8.95,913863,8166881,487,+0.08,5.920540732307769
20150911,8.99,8.99,8.91,8.92,724394,6476000,321,-0.03,5.900695344378247
20150914,8.97,8.97,8.79,8.87,1090140,9650017,357,-0.05,5.867619697829039
20150915,8.86,8.87,8.75,8.82,1189912,10498972,456,-0.05,5.834544051279836
20150916,8.85,8.87,8.8,8.87,836532,7396441,190,+0.05,5.867619697829039
20150917,8.92,8.94,8.85,8.9,1328262,11808918,554,+0.03,5.8874650857585635
20150918,8.89,8.9,8.29,8.29,3794053,32710305,1033,-0.61,5.483942197858257
20150921,8.31,8.44,8.31,8.4,1537737,12876413,644,+0.11,5.55670862026651
20150922,8.5,8.63,8.46,8.63,837200,7155844,308,+0.23,5.708856594392855
20150923,8.65,8.65,8.48,8.55,693331,5912767,315,-0.08,5.655935559914125
20150924,8.6,8.6,8.46,8.57,734498,6277007,210,+0.02,5.669165818533809
20150925,8.95,8.95,8.58,8.65,838707,7297828,305,+0.08,5.722086853012537
20150930,8.6,8.63,8.5,8.62,579706,4971814,247,-0.03,5.702241465083014
20151001,8.61,8.68,8.56,8.65,638430,5500420,229,+0.03,5.722086853012537
20151002,8.65,8.69,8.6,8.64,995914,8587339,198,-0.01,5.715471723702695
20151005,8.7,8.72,8.64,8.71,457694,3975377,214,+0.07,5.761777628871583
20151006,8.78,8.78,8.65,8.77,1733862,15113413,390,+0.06,5.801468404730629
20151007,8.79,8.8,8.7,8.79,652195,5717316,210,+0.02,5.81469866335031
20151008,8.79,8.8,8.73,8.78,875524,7683614,160,-0.01,5.8080835340404695
20151012,8.84,8.93,8.82,8.91,1405967,12502642,474,+0.13,5.894080215068405
20151013,8.91,8.94,8.89,8.91,1929566,17185575,257, 0.00,5.894080215068405
20151014,8.91,8.97,8.87,8.97,1758246,15709799,306,+0.06,5.933770990927452
20151015,8.95,9.18,8.95,9.18,2010387,18180087,585,+0.21,6.072688706434114
20151016,9.18,9.18,9.09,9.09,1650579,15059147,365,-0.09,6.013152542645544
20151019,9.1,9.17,9.06,9.17,1793425,16340308,391,+0.08,6.066073577124274
20151020,9.17,9.35,9.13,9.35,2657719,24551129,608,+0.18,6.185145904701414
20151021,9.35,9.36,9.32,9.35,1130343,10557137,405, 0.00,6.185145904701414
20151022,9.31,9.4,9.31,9.39,1278474,11984856,405,+0.04,6.211606421940776
20151023,9.4,9.47,9.35,9.38,1175476,11039137,498,-0.01,6.204991292630936
20151026,9.56,9.85,9.56,9.63,2871872,27776715,949,+0.25,6.370369525376964
20151027,9.68,9.68,9.43,9.46,1953638,18715426,399,-0.17,6.257912327109666
20151028,9.46,9.59,9.44,9.56,905688,8628671,363,+0.10,6.324063620208074
20151029,9.56,9.6,9.48,9.48,852205,8129486,317,-0.08,6.271142585729345
20151030,9.46,9.5,9.46,9.5,776435,7360242,387,+0.02,6.284372844349029
20151102,9.45,9.53,9.43,9.51,743026,7029253,522,+0.01,6.290987973658869
20151103,9.45,9.62,9.45,9.61,836563,7985203,315,+0.10,6.357139266757281
20151104,9.68,9.71,9.62,9.7,1253770,12135138,504,+0.09,6.41667543054585
20151105,9.73,9.75,9.67,9.7,840603,8170689,277, 0.00,6.41667543054585
20151106,9.74,9.74,9.65,9.68,568922,5504320,198,-0.02,6.403445171926168
20151109,9.72,9.72,9.64,9.68,618895,5989139,259, 0.00,6.403445171926168
20151110,9.7,9.7,9.55,9.65,645013,6218791,319,-0.03,6.383599783996644
20151111,9.68,9.68,9.42,9.43,886242,8412291,291,-0.22,6.23806693918014
20151112,9.54,9.54,9.39,9.51,547517,5183872,189,+0.08,6.290987973658869
20151113,9.48,9.5,9.38,9.44,1216847,11508765,241,-0.07,6.244682068489982
20151116,9.33,9.41,9.3,9.34,1165456,10884050,348,-0.10,6.178530775391568
20151117,9.4,9.47,9.37,9.44,790682,7463967,210,+0.10,6.244682068489982
20151118,9.57,9.57,9.44,9.45,694012,6580759,191,+0.01,6.251297197799822
20151119,9.55,9.55,9.46,9.49,1327334,12607728,652,+0.04,6.2777577150391854
20151120,9.54,9.54,9.47,9.5,1010563,9603091,316,+0.01,6.284372844349029
20151123,9.53,9.55,9.45,9.52,936342,8915091,281,+0.02,6.297603102968711
20151124,9.53,9.53,9.46,9.53,1222471,11631164,337,+0.01,6.30421823227855
20151125,9.53,9.53,9.4,9.5,1335120,12675526,378,-0.03,6.284372844349029
20151126,9.51,9.53,9.44,9.51,964552,9160076,342,+0.01,6.290987973658869
20151127,9.52,9.52,9.44,9.47,919608,8724699,254,-0.04,6.264527456419506
20151130,9.4,9.49,9.4,9.44,1638514,15451094,464,-0.03,6.244682068489982
20151201,9.47,9.5,9.45,9.48,1450454,13759590,469,+0.04,6.271142585729345
20151202,9.5,9.51,9.47,9.49,721395,6842507,374,+0.01,6.2777577150391854
20151203,9.5,9.5,9.42,9.49,605259,5734159,224, 0.00,6.2777577150391854
20151204,9.43,9.49,9.43,9.48,957136,9069350,243,-0.01,6.271142585729345
20151207,9.47,9.52,9.46,9.49,925748,8779613,286,+0.01,6.2777577150391854
20151208,9.5,9.5,9.44,9.46,2459886,23273767,340,-0.03,6.257912327109666
20151209,9.46,9.47,9.3,9.33,1492678,13998876,296,-0.13,6.17191564608173
20151210,9.33,9.35,9.08,9.14,1185155,10891057,372,-0.19,6.046228189194749
20151211,9.14,9.17,9.05,9.1,705079,6443812,249,-0.04,6.0197676719553845
20151214,8.9,8.97,8.9,8.94,939306,8389968,277,-0.16,5.913925602997925
20151215,9.0,9.0,8.8,8.9,1960003,17435009,492,-0.04,5.8874650857585635
20151216,8.9,8.92,8.83,8.9,1504151,13379265,432, 0.00,5.8874650857585635
20151217,8.92,8.93,8.87,8.93,1568502,13986423,609,+0.03,5.907310473688086
20151218,8.93,8.94,8.88,8.92,882861,7865754,270,-0.01,5.900695344378247
20151221,8.92,8.93,8.87,8.93,1000809,8928231,309,+0.01,5.907310473688086
20151222,8.93,8.94,8.9,8.94,1250898,11167557,305,+0.01,5.913925602997925
20151223,8.95,9.03,8.94,9.02,1182098,10628978,424,+0.08,5.966846637476657
20151224,9.09,9.15,9.08,9.11,1404574,12816137,309,+0.09,6.0263828012652265
20151225,9.14,9.18,9.1,9.1,1486016,13589381,235,-0.01,6.0197676719553845
20151228,9.09,9.09,8.99,9.0,469338,4235743,196,-0.10,5.953616378856975
20151229,9.0,9.01,8.9,8.93,422067,3771592,182,-0.07,5.907310473688086
20151230,8.97,9.02,8.93,9.02,501400,4502913,229,+0.09,5.966846637476657
20151231,9.02,9.02,8.93,8.94,293981,2631260,120,-0.08,5.913925602997925
20160104,8.98,8.98,8.71,8.71,653053,5743856,219,-0.23,5.761777628871583
20160105,8.65,8.79,8.52,8.54,864445,7427086,346,-0.17,5.649320430604284
20160106,8.55,8.59,8.38,8.38,632776,5358137,358,-0.16,5.5434783616468275
20160107,8.38,8.4,8.13,8.17,571402,4707461,299,-0.21,5.404560646140166
20160108,8.13,8.13,8.06,8.1,488685,3957678,234,-0.07,5.358254740971276
20160111,8.04,8.04,7.91,7.92,563399,4482595,255,-0.18,5.239182413394137
20160112,7.98,7.98,7.86,7.86,387593,3064943,160,-0.06,5.19949163753509
20160113,7.87,7.91,7.8,7.81,574768,4504147,301,-0.05,5.166415990985884
20160114,7.83,7.84,7.65,7.7,1046086,8140327,398,-0.11,5.093649568577634
20160115,7.76,7.76,7.6,7.6,1169976,8947877,319,-0.10,5.027498275479222
20160118,7.58,7.77,7.52,7.7,555837,4243496,218,+0.10,5.093649568577634
20160119,7.52,7.7,7.52,7.68,722992,5497335,198,-0.02,5.080419309957952
20160120,7.73,7.73,7.53,7.56,554106,4215094,265,-0.12,5.001037758239858
20160121,7.67,7.67,7.48,7.48,492570,3710281,261,-0.08,4.94811672376113
20160122,7.58,7.59,7.45,7.47,667942,4999636,418,-0.01,4.941501594451288
20160125,7.58,7.58,7.47,7.47,676693,5078183,308, 0.00,4.941501594451288
20160126,7.6,7.6,7.46,7.49,458927,3442313,175,+0.02,4.95473185307097
20160127,7.55,7.55,7.47,7.48,254802,1909058,121,-0.01,4.94811672376113
20160128,7.48,7.57,7.47,7.54,503517,3792687,266,+0.06,4.9878074996201756
20160129,7.52,7.77,7.52,7.68,567358,4340101,262,+0.14,5.080419309957952
20160130,7.63,7.72,7.63,7.69,413424,3181426,116,+0.01,5.087034439267793
20160201,7.66,7.69,7.62,7.66,264050,2023680,136,-0.03,5.067189051338269
20160202,7.65,7.72,7.65,7.69,768254,5908859,268,+0.03,5.087034439267793
20160203,7.68,7.68,7.6,7.61,827731,6322695,303,-0.08,5.034113404789063
20160215,7.54,7.61,7.53,7.54,608765,4600130,322,-0.07,4.9878074996201756
20160216,7.54,7.72,7.54,7.7,477080,3652104,260,+0.16,5.093649568577634
20160217,7.88,7.88,7.75,7.79,942883,7358500,418,+0.09,5.153185732366203
20160218,7.82,7.85,7.82,7.82,461452,3613793,212,+0.03,5.173031120295728
20160219,7.8,7.85,7.79,7.84,468317,3667949,277,+0.02,5.186261378915408
20160222,7.84,8.06,7.84,8.02,976241,7762648,386,+0.18,5.305333706492548
20160223,8.03,8.09,8.03,8.06,804846,6492651,294,+0.04,5.3317942237319125
20160224,8.03,8.06,8.0,8.03,575885,4619980,266,-0.03,5.311948835802389
20160225,8.54,8.58,8.43,8.48,1671037,14225052,528,+0.45,5.6096296547452384
20160226,8.5,8.54,8.47,8.5,1671000,14221010,529,+0.02,5.622859913364921
20160301,8.52,8.81,8.5,8.8,1253031,10879761,484,+0.30,5.821313792660153
20160302,8.81,8.94,8.81,8.92,1555113,13833786,435,+0.12,5.900695344378247
20160303,8.92,9.12,8.92,9.11,1758250,15910864,482,+0.19,6.0263828012652265
20160304,9.11,9.2,9.11,9.2,1964515,18028685,599,+0.09,6.085918965053795
20160307,9.18,9.24,9.16,9.23,1800936,16579958,410,+0.03,6.10576435298332
20160308,9.23,9.24,9.12,9.23,1645629,15123116,449, 0.00,6.10576435298332
20160309,9.21,9.25,9.17,9.24,1498694,13794983,398,+0.01,6.112379482293161
20160310,9.24,9.24,9.2,9.23,1000160,9231297,368,-0.01,6.10576435298332
20160311,9.17,9.25,9.17,9.24,1362884,12583484,357,+0.01,6.112379482293161
20160314,9.24,9.28,9.22,9.25,983295,9093039,289,+0.01,6.118994611603001
20160315,9.2,9.29,9.2,9.21,1993230,18446262,502,-0.04,6.0925340943636375
20160316,9.21,9.34,9.21,9.34,2208923,20484586,584,+0.13,6.178530775391568
20160317,9.34,9.48,9.34,9.46,2028813,19106612,556,+0.12,6.257912327109666
20160318,9.47,9.55,9.43,9.43,4146849,39361080,967,-0.03,6.23806693918014
20160321,9.45,9.5,9.41,9.48,2616301,24763818,458,+0.05,6.271142585729345
20160322,9.45,9.58,9.45,9.58,3451124,32908101,697,+0.10,6.337293878827755
20160323,9.55,9.61,9.55,9.59,1467210,14066849,374,+0.01,6.343909008137597
20160324,9.59,9.59,9.46,9.5,765582,7269275,387,-0.09,6.284372844349029
20160325,9.5,9.54,9.45,9.51,429103,4081421,302,+0.01,6.290987973658869
20160328,9.5,9.51,9.47,9.5,772135,7332848,285,-0.01,6.284372844349029
20160329,9.49,9.49,9.33,9.36,1188741,11147322,447,-0.14,6.191761034011252
20160330,9.3,9.46,9.3,9.45,1242629,11660392,417,+0.09,6.251297197799822
20160331,9.45,9.46,9.42,9.44,974841,9203904,287,-0.01,6.244682068489982
20160401,9.34,9.44,9.33,9.44,821477,7687545,261, 0.00,6.244682068489982
20160406,9.32,9.35,9.14,9.17,1668431,15366736,837,-0.27,6.066073577124274
20160407,9.2,9.21,9.08,9.11,1320636,12070834,542,-0.06,6.0263828012652265
20160408,9.09,9.22,9.09,9.21,1217954,11140431,336,+0.10,6.0925340943636375
20160411,9.17,9.22,9.15,9.22,986483,9063998,356,+0.01,6.099149223673478
20160412,9.18,9.18,9.07,9.14,1274913,11632293,573,-0.08,6.046228189194749
20160413,9.1,9.17,9.1,9.17,1843795,16851068,551,+0.03,6.066073577124274
20160414,9.13,9.25,9.13,9.21,1132994,10413500,273,+0.04,6.0925340943636375
20160415,9.18,9.22,9.12,9.19,1567646,14381607,447,-0.02,6.079303835743954
20160418,9.15,9.22,9.15,9.21,879545,8089085,298,+0.02,6.0925340943636375
20160419,9.21,9.23,9.15,9.18,1426903,13112739,499,-0.03,6.072688706434114
20160420,9.15,9.2,9.12,9.19,1756012,16119785,476,+0.01,6.079303835743954
20160421,9.12,9.2,9.12,9.17,723691,6647956,225,-0.02,6.066073577124274
20160422,9.17,9.2,9.14,9.14,1124500,10318905,395,-0.03,6.046228189194749
20160425,9.09,9.09,8.69,8.7,988657,8719507,539,-0.44,5.755162499561741
20160426,8.65,8.68,8.48,8.55,945958,8110981,490,-0.15,5.655935559914125
20160427,8.49,8.49,8.43,8.45,424314,3587478,276,-0.10,5.589784266815716
20160428,8.41,8.44,8.33,8.34,540907,4527685,208,-0.11,5.517017844407462
20160429,8.33,8.33,8.23,8.32,563227,4660847,285,-0.02,5.503787585787781
20160503,8.28,8.28,8.21,8.24,365724,3010783,175,-0.08,5.450866551309051
20160504,8.16,8.25,8.14,8.22,465273,3817629,200,-0.02,5.43763629268937
20160505,8.16,8.2,8.11,8.13,669497,5451592,278,-0.09,5.3781001289008
20160506,8.15,8.16,8.02,8.02,787894,6357892,234,-0.11,5.305333706492548
20160509,8.04,8.08,8.0,8.01,326322,2616185,155,-0.01,5.298718577182707
20160510,8.0,8.09,8.0,8.06,407340,3269702,132,+0.05,5.3317942237319125
20160511,8.06,8.1,8.03,8.08,389627,3136931,196,+0.02,5.345024482351595
20160512,8.04,8.07,8.0,8.01,365772,2935296,195,-0.07,5.298718577182707
20160513,8.01,8.07,7.8,8.07,1240619,9837268,511,+0.06,5.338409353041754
20160516,8.28,8.68,8.26,8.51,1063970,8985864,478,+0.44,5.629475042674761
20160517,8.51,8.67,8.51,8.64,618744,5331792,254,+0.13,5.715471723702695
20160518,8.65,8.65,8.52,8.52,342045,2925291,186,-0.12,5.636090171984602
20160519,8.51,8.52,8.3,8.35,957504,8003884,419,-0.17,5.523632973717304
20160520,8.26,8.45,8.26,8.45,593063,4970351,186,+0.10,5.589784266815716
20160523,8.44,8.59,8.41,8.58,607602,5183178,189,+0.13,5.6757809478436485
20160524,8.46,8.54,8.46,8.53,315496,2681426,123,-0.05,5.642705301294444
20160525,8.49,8.57,8.49,8.57,462306,3953031,146,+0.04,5.669165818533809
20160526,8.57,8.6,8.56,8.59,804746,6911593,225,+0.02,5.6823960771534905
20160527,8.59,8.65,8.59,8.62,529520,4565092,275,+0.03,5.702241465083014
20160530,8.55,8.64,8.55,8.64,582371,5018236,224,+0.02,5.715471723702695
20160531,8.63,8.63,8.31,8.31,2423241,20415146,940,-0.33,5.49717245647794
20160601,8.39,8.55,8.39,8.54,991143,8439403,363,+0.23,5.649320430604284
20160602,8.54,8.64,8.54,8.61,855529,7367847,329,+0.07,5.695626335773171
20160603,8.53,8.64,8.52,8.56,939557,8062470,265,-0.05,5.662550689223967
20160604,8.52,8.6,8.52,8.58,289668,2485561,77,+0.02,5.6757809478436485
20160606,8.58,8.61,8.49,8.59,799753,6858493,212,+0.01,5.6823960771534905
20160607,8.58,8.63,8.55,8.62,1198943,10309332,488,+0.03,5.702241465083014
20160608,8.6,8.63,8.58,8.63,1129299,9722456,416,+0.01,5.708856594392855
20160613,8.59,8.62,8.51,8.51,596896,5103850,177,-0.12,5.629475042674761
20160614,8.47,8.49,8.4,8.47,567295,4794046,175,-0.04,5.603014525435397
20160615,8.46,8.48,8.45,8.45,254264,2151392,89,-0.02,5.589784266815716
20160616,8.45,8.45,8.41,8.42,268418,2262805,146,-0.03,5.569938878886192
20160617,8.42,8.45,8.32,8.42,432946,3639842,207, 0.00,5.569938878886192
20160620,8.42,8.57,8.42,8.57,461074,3915658,261,+0.15,5.669165818533809
20160621,8.44,8.62,8.44,8.62,372521,3188345,205,+0.05,5.702241465083014
20160622,8.6,8.6,8.48,8.52,428303,3655697,187,-0.10,5.636090171984602
20160623,8.47,8.53,8.47,8.5,395571,3363017,194,-0.02,5.622859913364921
20160624,8.47,8.51,8.31,8.39,356275,3010984,171,-0.11,5.5500934909566695
20160627,8.39,8.4,8.37,8.39,319882,2683254,128, 0.00,5.5500934909566695
20160628,8.36,8.45,8.3,8.33,436146,3629923,213,-0.06,5.510402715097621
20160629,8.25,8.34,8.23,8.25,657891,5433521,264,-0.08,5.457481680618893
20160630,8.3,8.3,8.2,8.25,611223,5042842,204, 0.00,5.457481680618893
20160701,8.25,8.29,8.21,8.23,575002,4736488,180,-0.02,5.444251421999211
20160704,8.22,8.27,8.18,8.23,598818,4929254,153, 0.00,5.444251421999211
20160705,8.23,8.23,8.17,8.22,287848,2356351,157,-0.01,5.43763629268937
20160706,8.2,8.22,8.12,8.15,485597,3956198,179,-0.07,5.391330387520481
20160707,8.09,8.2,8.09,8.2,154536,1263713,109,+0.05,5.424406034069687
20160711,8.2,8.23,8.15,8.18,277879,2275665,146,-0.02,5.411175775450006
20160712,8.2,8.2,8.08,8.08,506371,4113801,276,-0.10,5.345024482351595
20160713,8.0,8.26,8.0,8.23,962120,7833791,410,+0.15,5.444251421999211
20160714,8.15,8.25,8.15,8.22,212654,1742315,134,-0.01,5.43763629268937
20160715,8.2,8.23,8.16,8.2,476658,3911221,247,-0.02,5.424406034069687
20160718,8.22,8.26,8.18,8.22,551114,4528087,257,+0.02,5.43763629268937
20160719,8.22,8.25,8.18,8.24,337542,2772180,181,+0.02,5.450866551309051
20160720,8.23,8.24,8.21,8.24,231816,1906612,136, 0.00,5.450866551309051
20160721,8.21,8.29,8.21,8.25,629823,5206123,211,+0.01,5.457481680618893
20160722,8.24,8.28,8.21,8.26,243052,2002982,134,+0.01,5.464096809928735
20160725,8.26,8.28,8.23,8.27,133813,1104961,81,+0.01,5.4707119392385755
20160726,8.21,8.28,8.16,8.25,207551,1706862,130,-0.02,5.457481680618893
20160727,8.25,8.25,8.21,8.22,420292,3458086,208,-0.03,5.43763629268937
20160728,8.13,8.22,8.13,8.15,361560,2958179,200,X0.00,5.45819661613912
20160729,8.15,8.15,8.11,8.12,310876,2524759,163,-0.03,5.438105094852719
20160801,8.1,8.14,8.1,8.14,213606,1735972,111,+0.02,5.451499442376986
20160802,8.14,8.17,8.09,8.1,371677,3013960,155,-0.04,5.424710747328451
20160803,8.06,8.08,8.02,8.05,333103,2678194,146,-0.05,5.391224878517782
20160804,8.08,8.09,8.01,8.06,384111,3085607,215,+0.01,5.397922052279916
20160805,8.02,8.07,8.01,8.07,393460,3164581,152,+0.01,5.404619226042049
20160808,8.07,8.14,8.06,8.1,581235,4711643,153,+0.03,5.424710747328451
20160809,8.08,8.12,8.04,8.12,603533,4884002,178,+0.02,5.438105094852719
20160810,8.05,8.11,8.04,8.08,649870,5242256,190,-0.04,5.411316399804183
20160811,8.08,8.11,8.03,8.09,630166,5084126,298,+0.01,5.418013573566316
20160812,8.05,8.12,8.04,8.1,574431,4642995,216,+0.01,5.424710747328451
20160815,8.05,8.09,8.03,8.07,686811,5530216,173,-0.03,5.404619226042049
20160816,8.03,8.05,7.97,7.97,754486,6041121,311,-0.10,5.3376474884207115
20160817,8.03,8.11,7.97,8.08,925594,7457468,536,+0.11,5.411316399804183
20160818,8.01,8.06,7.99,8.0,1414549,11335083,385,-0.08,5.357739009707112
20160819,8.01,8.04,7.96,8.0,556583,4450812,308, 0.00,5.357739009707112
20160822,7.96,7.98,7.82,7.95,743912,5873681,413,-0.05,5.324253140896443
20160823,7.93,7.98,7.87,7.91,288268,2282538,129,-0.04,5.297464445847907
20160824,7.85,7.93,7.82,7.93,567802,4468868,265,+0.02,5.310858793372176
20160825,7.86,7.91,7.84,7.85,651422,5128176,286,-0.08,5.257281403275105
20160826,7.9,7.96,7.9,7.95,465497,3696414,216,+0.10,5.324253140896443
20160829,7.95,8.04,7.95,8.04,1414534,11323436,382,+0.09,5.384527704755647
20160830,8.03,8.04,7.86,7.95,1016210,8052092,418,-0.09,5.324253140896443
20160831,7.98,7.98,7.82,7.82,904068,7116590,359,-0.13,5.237189881988702
20160901,7.83,7.83,7.69,7.7,876955,6774216,353,-0.12,5.156823796843096
20160902,7.69,7.7,7.59,7.61,1064857,8133625,328,-0.09,5.09654923298389
20160905,7.61,7.68,7.59,7.61,613793,4674296,242, 0.00,5.09654923298389
20160906,7.55,7.7,7.55,7.7,513882,3934681,311,+0.09,5.156823796843096
20160907,7.7,7.76,7.65,7.73,277278,2142582,164,+0.03,5.176915318129497
20160908,7.71,7.73,7.65,7.73,367453,2827286,181, 0.00,5.176915318129497
20160909,7.73,7.73,7.7,7.71,149613,1154059,64,-0.02,5.163520970605229
20160910,7.72,7.74,7.68,7.71,169949,1310751,69, 0.00,5.163520970605229
20160912,7.66,7.66,7.58,7.59,322884,2460020,157,-0.12,5.083154885459624
20160913,7.6,7.64,7.55,7.58,251070,1908812,83,-0.01,5.076457711697489
20160914,7.57,7.57,7.52,7.52,511387,3848920,182,-0.06,5.036274669124685
20160919,7.52,7.58,7.51,7.52,639569,4812079,172, 0.00,5.036274669124685
20160920,7.52,7.56,7.49,7.52,391632,2941992,150, 0.00,5.036274669124685
20160921,7.52,7.72,7.51,7.68,1148496,8715019,385,+0.16,5.143429449318829
20160922,7.64,7.72,7.61,7.69,447940,3428410,123,+0.01,5.150126623080961
20160923,7.69,7.72,7.63,7.72,279007,2139909,149,+0.03,5.170218144367362
20160926,7.65,7.7,7.6,7.68,198578,1522258,99,-0.04,5.143429449318829
20160929,7.68,7.74,7.68,7.72,392015,3024020,189,+0.04,5.170218144367362
20160930,7.7,7.73,7.63,7.63,239045,1830544,159,-0.09,5.109943580508159
20161003,7.63,7.64,7.56,7.56,622065,4728104,183,-0.07,5.06306336417322
20161004,7.57,7.59,7.5,7.54,912887,6872125,434,-0.02,5.049669016648953
20161005,7.55,7.55,7.51,7.54,524728,3949576,345, 0.00,5.049669016648953
20161006,7.52,7.56,7.5,7.56,591564,4450514,258,+0.02,5.06306336417322
20161007,7.57,7.57,7.51,7.54,345640,2601227,195,-0.02,5.049669016648953
20161011,7.51,7.56,7.48,7.54,968931,7286634,354, 0.00,5.049669016648953
20161012,7.5,7.51,7.43,7.45,660921,4938344,346,-0.09,4.989394452789749
20161013,7.45,7.45,7.36,7.38,555967,4107777,365,-0.07,4.942514236454811
20161014,7.38,7.41,7.29,7.3,595436,4356303,336,-0.08,4.88893684635774
20161017,7.3,7.33,7.26,7.28,535229,3905061,231,-0.02,4.875542498833473
20161018,7.28,7.34,7.26,7.33,404009,2948697,191,+0.05,4.909028367644141
20161019,7.32,7.39,7.3,7.33,504852,3710157,330, 0.00,4.909028367644141
20161020,7.35,7.4,7.32,7.39,730030,5372828,311,+0.06,4.949211410216944
20161021,7.36,7.41,7.27,7.27,3281613,23995836,729,-0.12,4.868845325071336
20161024,7.31,7.39,7.31,7.34,1013336,7450043,590,+0.07,4.9157255414062755
20161025,7.35,7.4,7.34,7.35,689735,5080385,255,+0.01,4.922422715168408
20161026,7.33,7.41,7.33,7.41,490922,3618027,260,+0.06,4.962605757741213
20161027,7.41,7.41,7.31,7.38,642647,4721931,323,-0.03,4.942514236454811
20161028,7.36,7.36,7.31,7.31,457004,3345901,225,-0.07,4.895634020119873
20161031,7.3,7.3,7.27,7.28,345710,2517369,204,-0.03,4.875542498833473
20161101,7.28,7.28,7.22,7.22,579843,4199914,202,-0.06,4.835359456260668
20161102,7.22,7.26,6.91,7.01,867061,6168683,443,-0.21,4.694718807255858
20161103,7.02,7.06,6.96,6.96,677531,4742664,372,-0.05,4.661232938445187
20161104,6.99,6.99,6.92,6.94,482741,3347753,276,-0.02,4.64783859092092
20161107,6.92,6.98,6.92,6.97,754018,5230260,317,+0.03,4.667930112207321
20161108,6.98,7.0,6.91,6.94,631544,4382199,318,-0.03,4.64783859092092
20161109,6.92,6.95,6.68,6.77,763425,5198921,461,-0.17,4.533986636964644
20161110,6.78,6.88,6.78,6.83,862397,5890601,284,+0.06,4.574169679537446
20161111,6.8,6.8,6.62,6.62,770310,5149473,326,-0.21,4.433529030532635
20161114,6.65,6.65,6.51,6.54,607366,3975746,276,-0.08,4.379951640435565
20161115,6.55,6.88,6.55,6.88,1333505,9083802,600,+0.34,4.6076555483481165
20161116,6.87,6.95,6.8,6.95,825306,5693063,406,+0.07,4.654535764683053
20161117,6.99,6.99,6.81,6.89,599961,4115207,240,-0.06,4.61435272211025
20161118,6.89,6.98,6.82,6.91,407525,2812440,285,+0.02,4.627747069634518
20161121,6.92,6.94,6.66,6.83,1504262,10209856,542,-0.08,4.574169679537446
20161122,6.26,6.32,6.15,6.16,18323391,113195945,2991,-0.67,4.125459037474477
20161123,6.05,6.25,5.92,6.24,14043396,85549066,3091,+0.08,4.179036427571547
20161124,6.2,6.23,6.13,6.13,6319847,39006066,1198,-0.11,4.105367516188075
20161125,6.15,6.34,6.11,6.26,5065995,31548580,1399,+0.13,4.192430775095815
20161128,6.25,6.29,6.21,6.24,3374315,21080473,811,-0.02,4.179036427571547
20161129,6.26,6.86,6.25,6.86,18273814,122936288,3468,+0.62,4.594261200823849
20161130,6.51,6.95,6.4,6.85,16417422,109584347,3552,-0.01,4.587564027061716
20161201,6.91,6.91,6.8,6.83,5586160,38246616,1255,-0.02,4.574169679537446
20161202,6.83,6.95,6.62,6.71,4260594,28918225,1182,-0.12,4.4938035943918395
20161205,6.71,6.78,6.61,6.61,3098453,20641801,912,-0.10,4.426831856770502
20161206,6.54,6.65,6.54,6.6,2536273,16721678,816,-0.01,4.420134683008367
20161207,6.6,6.63,6.57,6.62,1361585,8994938,445,+0.02,4.433529030532635
20161208,6.64,6.67,6.6,6.65,1539317,10204482,636,+0.03,4.4536205518190375
20161209,6.66,6.82,6.66,6.8,2229477,15085754,645,+0.15,4.554078158251045
20161212,6.84,6.92,6.77,6.8,1875910,12812128,482, 0.00,4.554078158251045
20161213,6.83,6.83,6.78,6.82,1397909,9509120,382,+0.02,4.567472505775313
20161214,6.85,6.86,6.8,6.81,1153019,7869491,444,-0.01,4.56077533201318
20161215,6.8,6.84,6.8,6.82,1141650,7776360,382,+0.01,4.567472505775313
20161216,6.81,7.1,6.81,6.95,3954821,27541028,1001,+0.13,4.654535764683053
20161219,7.02,7.3,6.95,7.1,4645329,33106477,1389,+0.15,4.754993371115061
20161220,7.15,7.15,7.01,7.03,2791998,19731580,750,-0.07,4.708113154780126
20161221,7.03,7.09,6.96,6.97,1211723,8474842,317,-0.06,4.667930112207321
20161222,6.96,7.0,6.75,6.75,2724394,18626545,765,-0.22,4.520592289440375
20161223,6.75,6.79,6.69,6.75,1967376,13241752,429, 0.00,4.520592289440375
20161226,6.75,6.76,6.66,6.75,1413118,9484357,315, 0.00,4.520592289440375
20161227,6.78,6.78,6.61,6.62,2070851,13762554,488,-0.13,4.433529030532635
20161228,6.61,6.75,6.61,6.69,1923165,12860466,878,+0.07,4.480409246867573
20161229,6.68,6.71,6.55,6.56,1711826,11315010,532,-0.13,4.393345987959831
20161230,6.57,6.63,6.53,6.63,1010013,6666612,377,+0.07,4.440226204294769
20170103,6.65,6.8,6.65,6.74,1277227,8622153,462,+0.11,4.513895115678241
20170104,6.74,6.76,6.68,6.76,1027107,6901959,409,+0.02,4.52728946320251
20170105,6.73,6.79,6.72,6.73,782881,5281030,334,-0.03,4.5071979419161075
20170106,6.75,6.78,6.72,6.72,1648913,11117224,555,-0.01,4.500500768153975
20170109,7.09,7.2,6.96,6.97,5635221,39770719,1298,+0.25,4.667930112207321
20170110,6.97,7.02,6.89,6.99,1415933,9860462,487,+0.02,4.68132445973159
20170111,6.99,7.05,6.96,6.98,1808531,12628399,391,-0.01,4.674627285969456
20170112,6.98,7.0,6.94,6.97,1936335,13473361,506,-0.01,4.667930112207321
20170113,6.97,6.98,6.95,6.97,1138996,7934031,334, 0.00,4.667930112207321
20170116,7.0,7.19,6.97,7.0,4122283,29153777,724,+0.03,4.688021633493722
20170117,7.05,7.05,6.95,7.0,1762496,12334375,388, 0.00,4.688021633493722
20170118,7.0,7.0,6.95,6.99,1008501,7032240,335,-0.01,4.68132445973159
20170119,6.98,7.06,6.98,7.03,864540,6077570,285,+0.04,4.708113154780126
20170120,7.05,7.06,7.0,7.0,582646,4094504,186,-0.03,4.688021633493722
20170123,7.03,7.12,7.02,7.09,2180269,15435607,439,+0.09,4.748296197352927
20170124,7.07,7.43,7.07,7.42,7422906,54223589,1558,+0.33,4.969302931503346
20170202,7.52,7.87,7.5,7.82,8836900,68019610,1829,+0.40,5.237189881988702
20170203,7.88,7.97,7.74,7.79,5041288,39611746,1270,-0.03,5.2170983607023
20170206,7.8,8.55,7.77,8.4,11695607,96305339,2371,+0.61,5.625625960192467
20170207,8.5,8.5,8.15,8.36,5289680,43938696,1340,-0.04,5.598837265143932
20170208,8.3,8.4,8.13,8.27,4301539,35481479,1011,-0.09,5.538562701284728
20170209,8.27,8.27,8.1,8.24,3050596,24914939,718,-0.03,5.5184711799983255
20170210,8.24,8.32,8.14,8.22,2952754,24283947,682,-0.02,5.505076832474058
20170213,8.24,8.29,8.12,8.29,2532854,20724538,795,+0.07,5.551957048808996
20170214,8.6,8.75,8.4,8.4,7741725,66241348,1622,+0.11,5.625625960192467
20170215,8.44,8.55,8.37,8.54,2653889,22472658,830,+0.14,5.719386392862342
20170216,8.55,8.55,8.45,8.54,2454508,20830171,483, 0.00,5.719386392862342
20170217,8.52,8.6,8.46,8.6,1449380,12338852,385,+0.06,5.759569435435145
20170218,8.58,8.86,8.54,8.7,3628887,31581131,776,+0.10,5.826541173056483
20170220,8.85,9.07,8.76,8.86,4764009,42408310,1165,+0.16,5.933695953250626
20170221,8.94,9.05,8.87,8.92,4105618,36750181,865,+0.06,5.97387899582343
20170222,8.98,9.42,8.98,9.28,6304220,57752873,1429,+0.36,6.21497725126025
20170223,9.3,9.32,8.96,9.06,4940075,44765220,1609,-0.22,6.067639428493305
20170224,9.05,9.05,8.77,8.91,4641648,41258725,1174,-0.15,5.967181822061297
20170301,8.9,8.91,8.68,8.82,3101148,27269579,1040,-0.09,5.906907258202091
20170302,8.86,8.86,8.69,8.77,2195957,19218487,714,-0.05,5.873421389391421
20170303,8.68,8.99,8.68,8.9,1901355,16733219,666,+0.13,5.960484648299164
20170306,8.86,8.9,8.76,8.79,1595240,14033006,639,-0.11,5.886815736915689
20170307,8.79,8.86,8.72,8.84,1322233,11615097,619,+0.05,5.920301605726358
20170308,8.83,8.84,8.72,8.73,1597549,13981927,649,-0.11,5.846632694342887
20170309,8.75,8.78,8.7,8.72,1271548,11107927,646,-0.01,5.839935520580754
20170310,8.68,8.69,8.4,8.42,2651050,22521963,863,-0.30,5.639020307716734
20170313,8.42,8.42,8.24,8.25,2543228,21115677,913,-0.17,5.52516835376046
20170314,8.24,8.32,8.16,8.31,2100770,17311942,1028,+0.06,5.565351396333264
20170315,8.3,8.32,8.22,8.24,1202673,9927645,555,-0.07,5.5184711799983255
20170316,8.32,8.33,8.23,8.33,1139958,9447061,585,+0.09,5.578745743857531
20170317,8.28,9.0,8.28,9.0,5649021,49089124,1876,+0.67,6.0274563859205
20170320,8.9,8.93,8.66,8.7,3453220,30180393,1264,-0.30,5.826541173056483
20170321,8.65,8.76,8.59,8.67,1917972,16568986,817,-0.03,5.806449651770082
20170322,8.56,8.6,8.5,8.57,1479004,12639990,664,-0.10,5.739477914148746
20170323,8.57,8.6,8.5,8.51,1483812,12667108,672,-0.06,5.6992948715759395
20170324,8.6,8.79,8.51,8.65,2718823,23491975,943,+0.14,5.793055304245816
20170327,8.61,8.61,8.5,8.51,1482570,12647042,567,-0.14,5.6992948715759395
20170328,8.52,8.59,8.18,8.31,2695305,22517127,1058,-0.20,5.565351396333264
20170329,8.32,8.39,8.23,8.39,1014273,8406431,437,+0.08,5.618928786430334
20170330,8.37,8.52,8.32,8.43,914303,7711723,451,+0.04,5.6457174814788695
20170331,8.49,8.53,8.43,8.44,749877,6355861,422,+0.01,5.652414655241002
20170405,8.36,8.5,8.26,8.44,2566550,21531839,1115, 0.00,5.652414655241002
20170406,8.45,8.45,8.34,8.36,1125852,9430345,563,-0.08,5.598837265143932
20170407,8.35,8.38,8.22,8.26,1480457,12236468,737,-0.10,5.531865527522592
20170410,8.28,8.28,8.15,8.2,1289215,10564436,558,-0.06,5.49168248494979
20170411,8.2,8.21,8.0,8.0,2593995,20929180,948,-0.20,5.357739009707112
20170412,8.0,8.04,7.75,7.88,2595131,20376283,897,-0.12,5.277372924561505
20170413,7.84,7.98,7.84,7.93,1023584,8111625,567,+0.05,5.310858793372176
20170414,7.95,7.95,7.83,7.84,1163926,9145457,535,-0.09,5.25058422951297
20170417,7.86,8.14,7.85,8.11,3203603,25814989,849,+0.27,5.431407921090584
20170418,8.11,8.18,8.11,8.18,1774372,14446001,838,+0.07,5.478288137425522
20170419,8.15,8.15,7.94,7.98,1166030,9376582,854,-0.20,5.344344662182845
20170420,7.91,8.0,7.89,7.95,1741198,13838050,765,-0.03,5.324253140896443
20170421,7.97,8.05,7.96,7.99,1345802,10743962,479,+0.04,5.3510418359449785
20170424,8.06,8.21,7.99,8.01,1132898,9150191,496,+0.02,5.3644361834692464
20170425,8.09,8.12,8.03,8.12,996496,8042674,414,+0.11,5.438105094852719
20170426,8.15,8.2,8.14,8.17,902470,7372099,402,+0.05,5.471590963663387
20170427,8.17,8.27,8.15,8.24,1348995,11094791,595,+0.07,5.5184711799983255
20170428,8.25,8.32,8.22,8.23,1835907,15179880,655,-0.01,5.511774006236193
20170502,8.23,8.28,8.17,8.23,1295562,10629510,712, 0.00,5.511774006236193
20170503,8.23,8.23,8.16,8.18,930310,7609195,503,-0.05,5.478288137425522
20170504,8.13,8.18,8.13,8.15,973989,7939028,539,-0.03,5.45819661613912
20170505,8.15,8.18,8.11,8.12,834077,6785324,355,-0.03,5.438105094852719
20170508,8.14,8.28,8.14,8.18,1678121,13811199,662,+0.06,5.478288137425522
20170509,8.2,8.21,8.13,8.15,1022302,8343820,376,-0.03,5.45819661613912
20170510,8.15,8.46,8.15,8.44,3795989,31663743,1120,+0.29,5.652414655241002
20170511,8.65,8.83,8.65,8.71,5004718,43727051,1310,+0.27,5.83323834681862
20170512,8.85,8.88,8.66,8.74,5717610,50063520,1157,+0.03,5.85332986810502
20170515,8.93,9.0,8.87,8.95,7298281,65259883,1356,+0.21,5.9939705171098305
20170516,8.98,9.02,8.85,9.01,5332136,47838425,1159,+0.06,6.034153559682635
20170517,9.03,9.25,9.0,9.15,6075087,55410065,1607,+0.14,6.127913992352508
20170518,9.07,9.21,9.0,9.12,3094388,28198906,777,-0.03,6.107822471066108
20170519,9.12,9.18,9.11,9.13,3093147,28249654,770,+0.01,6.114519644828241
20170522,9.17,9.19,9.13,9.14,2189753,20049456,534,+0.01,6.121216818590375
20170523,9.22,9.22,9.12,9.13,2287837,20935154,712,-0.01,6.114519644828241
20170524,9.11,9.15,9.1,9.14,3571074,32636776,756,+0.01,6.121216818590375
20170525,9.14,9.19,9.12,9.18,3945393,36158194,850,+0.04,6.148005513638912
20170526,9.18,9.34,9.17,9.32,4142541,38463048,1154,+0.14,6.241765946308788
20170531,9.35,9.57,9.35,9.37,6810703,64397159,1604,+0.05,6.275251815119454
20170601,9.39,9.4,9.3,9.38,2964304,27740496,928,+0.01,6.28194898888159
20170602,9.39,9.55,9.37,9.53,4234113,40150288,1300,+0.15,6.382406595313596
20170603,9.6,9.68,9.57,9.65,4156525,40002745,985,+0.12,6.462772680459204
20170605,9.73,9.78,9.66,9.77,5536966,53912306,1570,+0.12,6.543138765604812
20170606,9.85,10.05,9.8,10.0,9370461,93236339,2319,+0.23,6.697173762133889
20170607,10.1,10.2,9.84,9.95,11692329,116506079,2272,-0.05,6.663687893323221
20170608,9.89,9.98,9.89,9.95,4551608,45234481,1139, 0.00,6.663687893323221
20170609,9.99,10.0,9.88,9.94,4160770,41344050,842,-0.01,6.6569907195610885
20170612,9.93,9.95,9.65,9.93,6409616,63003209,1341,-0.01,6.650293545798953
20170613,9.9,9.93,9.88,9.92,2887783,28614996,738,-0.01,6.64359637203682
20170614,9.92,9.92,9.71,9.77,5006641,49104931,946,-0.15,6.543138765604812
20170615,9.72,9.72,9.52,9.52,7148846,68502762,1160,-0.25,6.375709421551463
20170616,9.47,9.53,9.32,9.5,4747039,44634248,1245,-0.02,6.362315074027197
20170619,9.5,9.53,9.48,9.51,3338791,31737445,661,+0.01,6.36901224778933
20170620,9.51,9.55,9.5,9.52,4629499,44091353,754,+0.01,6.375709421551463
20170621,9.49,9.51,9.36,9.5,1978615,18677142,714,-0.02,6.362315074027197
20170622,9.41,9.47,9.36,9.37,2179821,20461933,718,-0.13,6.275251815119454
20170623,9.3,9.35,9.1,9.14,4294607,39573023,1640,-0.23,6.121216818590375
20170626,9.14,9.29,9.14,9.28,2224633,20570833,860,+0.14,6.21497725126025
20170627,9.28,9.32,9.18,9.24,2069544,19106067,514,-0.04,6.188188556211715
20170628,9.2,9.22,9.07,9.12,3018004,27503064,714,-0.12,6.107822471066108
20170629,9.12,9.16,8.99,9.01,3516395,31820767,979,-0.11,6.034153559682635
20170630,9.01,9.11,8.99,9.11,3362844,30350050,698,+0.10,6.101125297303974
20170703,9.16,9.2,9.13,9.16,1081497,9904913,455,+0.05,6.1346111661146425
20170704,9.17,9.28,9.17,9.22,2241498,20725649,751,+0.06,6.174794208687446
20170705,9.28,9.28,9.08,9.21,1514158,13873043,595,-0.01,6.168097034925314
20170706,9.21,9.23,9.13,9.21,742447,6814391,386, 0.00,6.168097034925314
20170707,9.16,9.17,9.06,9.06,1829232,16639623,696,-0.15,6.067639428493305
20170710,9.18,9.18,9.02,9.04,960471,8696426,350,-0.02,6.054245080969038
20170711,9.04,9.09,9.02,9.06,1083157,9798932,449,+0.02,6.067639428493305
20170712,9.08,9.08,9.02,9.03,1028018,9291622,386,-0.03,6.047547907206904
20170713,9.03,9.16,9.03,9.1,1750752,15927867,515,+0.07,6.09442812354184
20170714,9.1,9.1,9.06,9.06,1128097,10237238,336,-0.04,6.067639428493305
20170717,9.06,9.14,9.06,9.14,894322,8130720,314,+0.08,6.121216818590375
20170718,9.16,9.21,9.05,9.07,1538908,14018738,709,-0.07,6.074336602255438
20170719,9.07,9.12,9.05,9.1,741193,6727425,408,+0.03,6.09442812354184
20170720,9.1,9.14,9.06,9.08,650922,5923012,273,-0.02,6.081033776017573
20170721,9.08,9.11,9.06,9.08,688230,6251314,286, 0.00,6.081033776017573
20170724,9.08,9.09,9.0,9.05,1092322,9870243,416,-0.03,6.060942254731171
20170725,9.05,9.06,8.96,8.99,1611565,14510561,598,-0.06,6.020759212158367
20170726,9.0,9.11,9.0,9.08,1596500,14460239,539,+0.09,6.081033776017573
20170727,9.12,9.13,9.08,9.09,1163997,10595643,472,+0.01,6.087730949779704
20170728,9.12,9.26,9.1,9.25,2648997,24383698,736,+0.16,6.19488572997385
20170731,9.29,9.39,9.27,9.39,2336431,21817100,658,+0.14,6.288646162643722
20170801,9.42,9.46,9.29,9.35,1664551,15620119,566,-0.04,6.2618574675951875
20170802,9.4,9.43,9.31,9.37,968158,9053727,493,+0.02,6.275251815119454
20170803,9.35,9.35,9.21,9.27,1472081,13629112,400,-0.10,6.208280077498115
20170804,9.22,9.25,9.2,9.22,884665,8160322,378,-0.05,6.174794208687446
20170807,9.23,9.28,9.19,9.2,828346,7639537,263,-0.02,6.161399861163179
20170808,9.2,9.23,9.19,9.23,683232,6289328,248,+0.03,6.181491382449582
20170809,9.27,9.27,9.11,9.15,1204291,11020496,386,-0.08,6.127913992352508
20170810,9.23,9.23,8.89,8.98,2095216,18829311,614,-0.17,6.014062038396232
20170811,8.98,9.07,8.94,9.02,1092226,9827464,333,+0.04,6.040850733444768
20170814,9.02,9.09,8.77,8.77,2253474,20054602,591,-0.25,5.873421389391421
20170815,8.82,8.9,8.79,8.79,936137,8263610,348,+0.02,5.886815736915689
20170816,8.85,8.98,8.8,8.98,1059814,9444729,527,+0.19,6.014062038396232
20170817,8.98,9.06,8.94,9.05,856036,7719464,337,+0.07,6.060942254731171
20170818,9.0,9.0,8.86,8.91,1395871,12443582,781,-0.14,5.967181822061297
20170821,8.9,8.98,8.88,8.94,606532,5419445,170,+0.03,5.987273343347698
20170822,9.0,9.0,8.94,8.98,811666,7278110,184,+0.04,6.014062038396232
20170823,8.98,9.04,8.89,8.93,1317506,11787064,418,-0.05,5.9805761695855635
20170824,8.93,8.99,8.9,8.91,901455,8052291,366,-0.02,5.967181822061297
20170825,8.96,9.0,8.88,8.98,1079294,9659898,311,+0.07,6.014062038396232
20170828,8.99,9.02,8.97,9.02,822697,7404423,304,+0.04,6.040850733444768
20170829,9.02,9.03,8.99,9.02,621498,5556672,195, 0.00,6.040850733444768
20170830,9.03,9.23,9.03,9.23,1816626,16576390,653,+0.21,6.181491382449582
20170831,9.23,9.26,9.13,9.17,1343627,12366106,591,-0.06,6.141308339876777
20170901,9.23,9.23,9.14,9.18,722996,6629410,378,+0.01,6.148005513638912
20170904,9.14,9.2,9.14,9.15,729865,6693627,390,-0.03,6.127913992352508
20170905,9.17,9.19,9.13,9.15,779852,7140221,469, 0.00,6.127913992352508
20170906,9.15,9.16,9.07,9.13,1192239,10870367,565,-0.02,6.114519644828241
20170907,9.15,9.16,9.08,9.13,1040853,9490910,514, 0.00,6.114519644828241
20170908,9.17,9.24,9.12,9.2,2097187,19266384,713,+0.07,6.161399861163179
20170911,9.27,9.34,9.25,9.29,1962064,18210440,644,+0.09,6.221674425022383
20170912,9.32,9.34,9.24,9.29,1197976,11135144,380, 0.00,6.221674425022383
20170913,9.3,9.3,9.22,9.22,735310,6806717,259,-0.07,6.174794208687446
20170914,9.38,9.38,9.26,9.28,1067618,9937262,341,+0.06,6.21497725126025
20170915,9.28,9.31,9.23,9.31,1780516,16533257,473,+0.03,6.235068772546652
20170918,9.39,9.64,9.38,9.61,4685337,44641547,1295,+0.30,6.435983985410667
20170919,9.65,9.72,9.52,9.52,2073580,19910013,593,-0.09,6.375709421551463
20170920,9.47,9.47,9.31,9.31,1826032,17090635,643,-0.21,6.235068772546652
20170921,9.31,9.36,9.26,9.26,759541,7063109,308,-0.05,6.201582903735983
20170922,9.26,9.29,9.16,9.16,1050476,9674042,357,-0.10,6.1346111661146425
20170925,9.23,9.24,9.06,9.08,1544800,14055783,364,-0.08,6.081033776017573
20170926,9.08,9.15,9.06,9.06,914336,8307191,330,-0.02,6.067639428493305
20170927,9.08,9.13,9.07,9.07,577953,5248454,172,+0.01,6.074336602255438
20170928,9.08,9.08,9.03,9.03,874125,7903751,257,-0.04,6.047547907206904
20170929,9.03,9.12,8.95,9.12,1060545,9562586,381,+0.09,6.107822471066108
20170930,9.12,9.12,9.07,9.07,233562,2122630,98,-0.05,6.074336602255438
20171002,9.08,9.14,9.07,9.09,268361,2444773,139,+0.02,6.087730949779704
20171003,9.09,9.13,9.08,9.09,642534,5847495,212, 0.00,6.087730949779704
20171005,9.1,9.13,9.07,9.08,620515,5636898,168,-0.01,6.081033776017573
20171006,9.08,9.1,9.06,9.06,463465,4203822,180,-0.02,6.067639428493305
20171011,9.09,9.13,9.08,9.12,716425,6522379,378,+0.06,6.107822471066108
20171012,9.13,9.13,9.05,9.06,542009,4924180,247,-0.06,6.067639428493305
20171013,9.07,9.07,9.03,9.05,459231,4157025,160,-0.01,6.060942254731171
20171016,9.05,9.14,9.02,9.13,1135531,10291193,421,+0.08,6.114519644828241
20171017,9.1,9.12,9.03,9.08,788872,7146955,361,-0.05,6.081033776017573
20171018,9.05,9.09,9.03,9.09,627139,5672016,320,+0.01,6.087730949779704
20171019,9.07,9.09,9.03,9.04,452059,4093641,199,-0.05,6.054245080969038
20171020,9.0,9.05,8.99,9.0,914669,8237712,322,-0.04,6.0274563859205
20171023,9.03,9.04,8.99,9.02,632526,5699134,267,+0.02,6.040850733444768
20171024,9.03,9.06,8.98,9.02,1568752,14135628,431, 0.00,6.040850733444768
20171025,9.05,9.09,9.01,9.06,857036,7752571,233,+0.04,6.067639428493305
20171026,9.06,9.06,9.0,9.01,1359637,12253183,295,-0.05,6.034153559682635
20171027,9.03,9.07,9.03,9.03,913118,8257052,286,+0.02,6.047547907206904
20171030,9.05,9.05,9.02,9.04,954727,8623191,270,+0.01,6.054245080969038
20171031,9.04,9.05,9.02,9.02,750448,6780132,377,-0.02,6.040850733444768
20171101,9.04,9.08,9.0,9.02,807932,7288999,250, 0.00,6.040850733444768
20171102,9.02,9.06,9.02,9.05,346442,3131714,197,+0.03,6.060942254731171
20171103,9.05,9.11,9.04,9.11,1509364,13685945,368,+0.06,6.101125297303974
20171106,9.12,9.13,9.04,9.04,707320,6411877,277,-0.07,6.054245080969038
20171107,9.04,9.13,9.02,9.13,1500558,13615525,361,+0.09,6.114519644828241
20171108,9.13,9.14,9.09,9.13,918167,8377398,314, 0.00,6.114519644828241
20171109,9.13,9.15,9.05,9.12,1134105,10312995,295,-0.01,6.107822471066108
20171110,9.11,9.11,9.03,9.05,952915,8623974,249,-0.07,6.060942254731171
20171113,9.08,9.17,9.07,9.12,1371583,12512139,397,+0.07,6.107822471066108
20171114,9.12,9.14,9.07,9.14,760726,6929737,257,+0.02,6.121216818590375
20171115,9.12,9.13,9.04,9.09,1167305,10589844,343,-0.05,6.087730949779704
20171116,9.09,9.09,9.04,9.07,389447,3525628,168,-0.02,6.074336602255438
20171117,9.07,9.09,9.0,9.02,1510671,13637629,348,-0.05,6.040850733444768
20171120,9.02,9.05,9.01,9.03,791095,7143837,203,+0.01,6.047547907206904
20171121,9.04,9.07,9.03,9.04,986718,8927386,316,+0.01,6.054245080969038
20171122,9.07,9.12,9.04,9.12,1131603,10260499,363,+0.08,6.107822471066108
20171123,9.12,9.14,9.1,9.1,755955,6891362,206,-0.02,6.09442812354184
20171124,9.1,9.24,9.1,9.24,2048477,18779907,494,+0.14,6.188188556211715
20171127,9.28,9.34,9.26,9.28,2952598,27460477,647,+0.04,6.21497725126025
20171128,9.29,9.33,9.23,9.23,936909,8683442,284,-0.05,6.181491382449582
20171129,9.23,9.27,9.16,9.19,929607,8562512,321,-0.04,6.154702687401045
20171130,9.19,9.32,9.18,9.28,1897648,17582972,606,+0.09,6.21497725126025
20171201,9.31,9.32,9.23,9.24,1472127,13644255,403,-0.04,6.188188556211715
20171204,9.24,9.29,9.24,9.27,568498,5269766,228,+0.03,6.208280077498115
20171205,9.3,9.3,9.21,9.21,714802,6611301,301,-0.06,6.168097034925314
20171206,9.24,9.26,9.08,9.09,1566649,14344642,678,-0.12,6.087730949779704
20171207,9.09,9.14,9.09,9.12,536009,4881069,225,+0.03,6.107822471066108
20171208,9.12,9.12,9.06,9.11,510584,4639808,174,-0.01,6.101125297303974
20171211,9.1,9.16,9.1,9.16,628115,5735302,176,+0.05,6.1346111661146425
20171212,9.16,9.19,9.1,9.14,478815,4369761,181,-0.02,6.121216818590375
20171213,9.14,9.16,9.1,9.14,440329,4021032,212, 0.00,6.121216818590375
20171214,9.14,9.18,9.13,9.14,368892,3372329,154, 0.00,6.121216818590375
20171215,9.15,9.34,9.05,9.34,1706634,15773737,368,+0.20,6.255160293833054
20171218,9.28,9.28,9.18,9.2,821437,7573074,368,-0.14,6.161399861163179
20171219,9.24,9.24,9.16,9.16,558997,5134477,215,-0.04,6.1346111661146425
20171220,9.16,9.22,9.14,9.18,641596,5885197,227,+0.02,6.148005513638912
20171221,9.2,9.27,9.17,9.25,679070,6262716,294,+0.07,6.19488572997385
20171222,9.25,9.37,9.25,9.34,1971446,18375140,573,+0.09,6.255160293833054
20171225,9.4,9.41,9.31,9.34,1153892,10802832,389, 0.00,6.255160293833054
20171226,9.33,9.35,9.24,9.25,1240881,11526654,312,-0.09,6.19488572997385
20171227,9.28,9.32,9.26,9.3,630264,5855024,233,+0.05,6.228371598784518
20171228,9.31,9.7,9.29,9.7,4354131,41547304,1074,+0.40,6.496258549269872
20171229,9.76,10.0,9.75,9.77,14068788,138607636,3244,+0.07,6.543138765604812
20180102,9.77,9.79,9.6,9.63,3421248,33044773,974,-0.14,6.449378332934939
20180103,9.63,9.65,9.48,9.5,3452161,32961392,1126,-0.13,6.362315074027197
20180104,9.51,9.54,9.43,9.47,2155805,20412596,922,-0.03,6.342223552740795
20180105,9.58,9.64,9.51,9.64,2936193,28175690,1053,+0.17,6.456075506697071
20180108,9.79,9.85,9.7,9.74,3650128,35665826,1247,+0.10,6.523047244318409
20180109,9.72,10.2,9.63,9.96,13194711,130791491,3027,+0.22,6.670385067085355
20180110,10.0,10.05,9.9,9.97,5269643,52560798,1439,+0.01,6.677082240847489
20180111,10.0,10.1,9.93,9.95,4749898,47433910,1109,-0.02,6.663687893323221
20180112,9.98,10.25,9.95,10.25,8225110,82883979,1773,+0.30,6.8646031061872375
20180115,10.35,10.35,9.98,10.05,8566220,86504060,2094,-0.20,6.730659630944561
20180116,10.05,10.2,9.96,10.2,4029724,40512606,1211,+0.15,6.831117237376568
20180117,10.15,10.15,10.05,10.1,2058370,20798550,880,-0.10,6.764145499755229
20180118,10.1,10.2,10.05,10.05,3094588,31279930,908,-0.05,6.730659630944561
20180119,10.1,10.15,9.91,9.96,3586811,35846264,830,-0.09,6.670385067085355
20180122,9.99,9.99,9.85,9.95,2875005,28494116,840,-0.01,6.663687893323221
20180123,9.97,10.0,9.94,9.95,1584792,15785928,416, 0.00,6.663687893323221
20180124,9.98,9.98,9.89,9.93,1220866,12113237,434,-0.02,6.650293545798953
20180125,9.96,9.98,9.93,9.95,1051337,10464471,295,+0.02,6.663687893323221
20180126,9.95,9.96,9.92,9.94,916723,9108555,214,-0.01,6.6569907195610885
20180129,9.94,9.99,9.87,9.88,1774858,17600609,488,-0.06,6.616807676988283
20180130,9.88,9.88,9.65,9.7,2685218,26158826,724,-0.18,6.496258549269872
20180131,9.66,9.67,9.51,9.61,1606734,15392569,524,-0.09,6.435983985410667
20180201,9.59,9.67,9.53,9.53,1555592,14926595,468,-0.08,6.382406595313596
20180202,9.55,9.55,9.46,9.48,959438,9115642,373,-0.05,6.348920726502928
20180205,9.31,9.37,9.29,9.35,1593980,14859934,476,-0.13,6.2618574675951875
20180206,9.21,9.22,8.86,8.98,3910873,35398837,1042,-0.37,6.014062038396232
20180207,9.35,9.35,9.05,9.06,1771544,16226424,854,+0.08,6.067639428493305
20180208,9.06,9.12,9.04,9.1,1109916,10078503,294,+0.04,6.09442812354184
20180209,8.9,9.08,8.8,9.0,1965317,17504003,494,-0.10,6.0274563859205
20180212,9.01,9.18,9.01,9.15,1228433,11183488,345,+0.15,6.127913992352508
20180221,9.25,9.4,9.2,9.4,2182219,20316968,829,+0.25,6.295343336405857
20180222,9.38,9.4,9.27,9.35,515429,4814705,205,-0.05,6.2618574675951875
20180223,9.39,9.45,9.36,9.39,978254,9184644,376,+0.04,6.288646162643722
20180226,9.44,9.48,9.38,9.38,716828,6740071,296,-0.01,6.28194898888159
20180227,9.41,9.46,9.37,9.46,687613,6483263,261,+0.08,6.335526378978661
20180301,9.31,9.41,9.31,9.41,682735,6396227,234,-0.05,6.302040510167991
20180302,9.33,9.41,9.29,9.34,1510469,14094243,566,-0.07,6.255160293833054
20180305,9.33,9.38,9.24,9.26,1094587,10156817,564,-0.08,6.201582903735983
20180306,9.34,9.34,9.26,9.26,568235,5271856,204, 0.00,6.201582903735983
20180307,9.3,9.3,9.22,9.24,491206,4546031,223,-0.02,6.188188556211715
20180308,9.24,9.27,9.22,9.24,680356,6289872,249, 0.00,6.188188556211715
20180309,9.25,9.3,9.25,9.3,687604,6378448,293,+0.06,6.228371598784518
20180312,9.4,9.6,9.4,9.55,2168110,20619030,703,+0.25,6.395800942837866
20180313,9.55,9.55,9.45,9.46,1087693,10316504,578,-0.09,6.335526378978661
20180314,9.46,9.49,9.43,9.45,1020737,9644960,274,-0.01,6.328829205216526
20180315,9.45,9.47,9.42,9.47,375298,3547102,169,+0.02,6.342223552740795
20180316,9.48,9.5,9.42,9.42,1646169,15561513,459,-0.05,6.308737683930125
20180319,9.4,9.42,9.4,9.41,624882,5881767,233,-0.01,6.302040510167991
20180320,9.39,9.39,9.32,9.33,1220306,11399470,275,-0.08,6.24846312007092
20180321,9.33,9.4,9.31,9.32,870370,8129886,289,-0.01,6.241765946308788
20180322,9.39,9.54,9.39,9.42,3569641,33769966,865,+0.10,6.308737683930125
20180323,9.25,9.38,9.22,9.32,1955449,18189096,536,-0.10,6.241765946308788
20180326,9.31,9.32,9.27,9.27,1875016,17405077,659,-0.05,6.208280077498115
20180327,9.32,9.46,9.32,9.34,2721321,25535143,540,+0.07,6.255160293833054
20180328,9.32,9.38,9.3,9.33,1011793,9450496,531,-0.01,6.24846312007092
20180329,9.35,9.4,9.34,9.38,579601,5426701,524,+0.05,6.28194898888159
20180330,9.42,9.44,9.38,9.4,835660,7856423,355,+0.02,6.295343336405857
20180331,9.46,9.46,9.39,9.41,500909,4718893,219,+0.01,6.302040510167991
20180402,9.42,9.45,9.4,9.43,1276733,12030435,342,+0.02,6.315434857692258
20180403,9.41,9.43,9.38,9.43,680711,6403043,318, 0.00,6.315434857692258
20180409,9.43,9.49,9.43,9.49,2165385,20461937,610,+0.06,6.355617900265061
20180410,9.46,9.85,9.46,9.75,10890253,105695074,2473,+0.26,6.5297444180805435
20180411,9.68,9.69,9.53,9.63,3661711,35212579,1029,-0.12,6.449378332934939
20180412,9.58,9.63,9.52,9.59,1950738,18667044,588,-0.04,6.422589637886402
20180413,9.59,9.65,9.58,9.6,1065391,10225770,414,+0.01,6.429286811648534
20180416,9.66,9.66,9.58,9.58,1481856,14242296,426,-0.02,6.415892464124266
20180417,9.6,9.71,9.52,9.52,6443448,62009757,1253,-0.06,6.375709421551463
20180418,9.6,9.64,9.53,9.57,1799687,17223104,843,+0.05,6.409195290362133
20180419,9.57,9.65,9.56,9.64,1886903,18138486,785,+0.07,6.456075506697071
20180420,9.64,9.7,9.64,9.69,2220667,21484741,726,+0.05,6.48956137550774
20180423,9.7,9.8,9.68,9.68,3042161,29620699,637,-0.01,6.482864201745605
20180424,9.7,9.75,9.59,9.6,1902543,18391985,566,-0.08,6.429286811648534
20180425,9.56,9.6,9.54,9.55,991609,9485917,493,-0.05,6.395800942837866
20180426,9.56,9.7,9.55,9.56,2499767,24031626,675,+0.01,6.4024981165999995
20180427,9.58,9.61,9.55,9.6,1031718,9882740,372,+0.04,6.429286811648534
20180430,9.6,9.68,9.6,9.65,1050390,10133795,483,+0.05,6.462772680459204
20180502,9.69,9.78,9.68,9.78,2472813,24088537,802,+0.13,6.549835939366944
20180503,9.81,9.82,9.7,9.7,1447096,14086204,587,-0.08,6.496258549269872
20180504,9.7,9.77,9.68,9.75,1825989,17755507,559,+0.05,6.5297444180805435
20180507,9.77,9.93,9.77,9.77,4817212,47305648,1266,+0.02,6.543138765604812
20180508,9.8,9.85,9.77,9.83,2240483,21971077,563,+0.06,6.583321808177613
20180509,9.85,9.86,9.78,9.8,1286611,12620003,555,-0.03,6.563230286891213
20180510,9.84,9.84,9.75,9.75,1379493,13511671,475,-0.05,6.5297444180805435
20180511,9.79,9.8,9.77,9.79,1116770,10932661,495,+0.04,6.5565331131290785
20180514,9.79,9.81,9.74,9.74,1012010,9884727,379,-0.05,6.523047244318409
20180515,9.75,9.76,9.68,9.68,1521629,14784596,576,-0.06,6.482864201745605
20180516,9.66,9.67,9.53,9.55,3150725,30184031,894,-0.13,6.395800942837866
20180517,9.63,9.64,9.54,9.55,1019154,9753169,421, 0.00,6.395800942837866
20180518,9.62,9.62,9.56,9.58,776628,7447367,435,+0.03,6.415892464124266
20180521,9.59,9.65,9.59,9.62,1064893,10245862,416,+0.04,6.442681159172803
20180522,9.61,9.63,9.59,9.62,838277,8049841,252, 0.00,6.442681159172803
20180523,9.62,9.63,9.57,9.61,1119085,10737872,435,-0.01,6.435983985410667
20180524,9.6,9.6,9.53,9.54,1057165,10100928,330,-0.07,6.389103769075729
20180525,9.55,9.56,9.51,9.53,883450,8419712,313,-0.01,6.382406595313596
20180528,9.53,9.55,9.49,9.51,1232303,11725658,360,-0.02,6.36901224778933
20180529,9.51,9.52,9.49,9.5,779013,7404804,229,-0.01,6.362315074027197
20180530,9.48,9.5,9.43,9.5,1423323,13474923,430, 0.00,6.362315074027197
20180531,9.51,9.55,9.46,9.51,1340133,12720178,403,+0.01,6.36901224778933
20180601,9.51,9.57,9.46,9.55,1184767,11286774,296,+0.04,6.395800942837866
20180604,9.58,9.64,9.53,9.59,1530542,14690892,376,+0.04,6.422589637886402
20180605,9.63,9.66,9.58,9.58,1799580,17304838,326,-0.01,6.415892464124266
20180606,9.58,9.61,9.52,9.52,1870295,17846897,447,-0.06,6.375709421551463
20180607,9.64,9.64,9.55,9.6,1387037,13304092,350,+0.08,6.429286811648534
20180608,9.6,9.64,9.56,9.59,2005633,19246160,515,-0.01,6.422589637886402
20180611,9.55,9.63,9.55,9.59,812103,7788266,245, 0.00,6.422589637886402
20180612,9.59,9.65,9.58,9.58,658216,6315577,231,-0.01,6.415892464124266
20180613,9.58,9.61,9.55,9.55,925175,8853960,351,-0.03,6.395800942837866
20180614,9.54,9.58,9.51,9.58,1261563,12036936,467,+0.03,6.415892464124266
20180615,9.58,9.65,9.52,9.65,2384290,22891343,582,+0.07,6.462772680459204
20180619,9.65,9.65,9.53,9.53,1172182,11221025,396,-0.12,6.382406595313596
20180620,9.53,9.57,9.52,9.54,715224,6826094,206,+0.01,6.389103769075729
20180621,9.54,9.57,9.5,9.5,1151817,10965215,343,-0.04,6.362315074027197
20180622,9.5,9.51,9.45,9.45,929272,8801407,304,-0.05,6.328829205216526
20180625,9.49,9.49,9.44,9.45,533939,5047833,228, 0.00,6.328829205216526
20180626,9.4,9.43,9.34,9.34,1207164,11310529,366,-0.11,6.255160293833054
20180627,9.37,9.42,9.32,9.4,911478,8541022,267,+0.06,6.295343336405857
20180628,9.38,9.41,9.3,9.38,1153930,10813640,333,-0.02,6.28194898888159
20180629,9.36,9.39,9.34,9.38,531855,4979925,197, 0.00,6.28194898888159
20180702,9.38,9.39,9.33,9.34,640104,5985093,241,-0.04,6.255160293833054
20180703,9.34,9.35,9.23,9.23,1366439,12701183,390,-0.11,6.181491382449582
20180704,9.23,9.28,9.22,9.23,350346,3236419,191, 0.00,6.181491382449582
20180705,9.23,9.24,9.19,9.19,844580,7778234,240,-0.04,6.154702687401045
20180706,9.15,9.19,9.12,9.12,615733,5634797,259,-0.07,6.107822471066108
20180709,9.15,9.25,9.13,9.22,402195,3695997,169,+0.10,6.174794208687446
20180710,9.21,9.29,9.2,9.28,753999,6979718,225,+0.06,6.21497725126025
20180711,9.25,9.28,9.23,9.25,293219,2711690,108,-0.03,6.19488572997385
20180712,9.22,9.28,9.22,9.28,366852,3393343,165,+0.03,6.21497725126025
20180713,9.29,9.34,9.28,9.32,782418,7277576,227,+0.04,6.241765946308788
20180716,9.32,9.37,9.31,9.34,409386,3825049,172,+0.02,6.255160293833054
20180717,9.34,9.39,9.32,9.33,1027030,9606574,212,-0.01,6.24846312007092
20180718,9.33,9.38,9.33,9.38,550822,5156620,247,+0.05,6.28194898888159
20180719,9.36,9.42,9.36,9.39,744731,6993453,181,+0.01,6.288646162643722
20180720,9.39,9.4,9.34,9.36,551170,5159529,183,-0.03,6.268554641357319
20180723,9.36,9.37,9.35,9.36,503913,4715199,95, 0.00,6.268554641357319
20180724,9.36,9.4,9.35,9.4,1019651,9563277,242,+0.04,6.295343336405857
20180725,9.41,9.85,9.41,9.58,11394765,109709242,2430,+0.18,6.415892464124266
20180726,9.58,9.81,9.58,9.81,11547957,112368784,1653,+0.23,6.569927460653347
20180727,9.99,10.25,9.99,10.0,28079587,283144119,4798,+0.19,6.697173762133889
20180730,10.05,10.1,9.94,9.97,5556235,55466973,1361,-0.03,6.677082240847489
20180731,9.97,9.97,9.86,9.9,8239668,81564776,1641,-0.07,6.630202024512553
20180801,9.46,9.52,9.46,9.5,4993448,47399870,1152,X0.00,6.70073608860311
20180802,9.51,9.51,9.39,9.4,3622612,34279168,708,-0.10,6.630202024512553
20180803,9.45,9.45,9.34,9.44,2007376,18854238,539,+0.04,6.6584156501487755
20180806,9.5,9.52,9.46,9.48,1737474,16481822,436,+0.04,6.686629275784998
20180807,9.5,9.5,9.4,9.41,1493762,14079769,437,-0.07,6.6372554309216065
20180808,9.42,9.45,9.41,9.44,2388332,22513528,733,+0.03,6.6584156501487755
20180809,9.44,9.46,9.4,9.43,757502,7143358,249,-0.01,6.651362243739718
20180810,9.43,9.43,9.36,9.37,1534609,14428431,481,-0.06,6.609041805285384
20180813,9.36,9.43,9.24,9.25,4368476,40744957,1232,-0.12,6.524400928376713
20180814,9.26,9.32,9.24,9.26,1713499,15870022,418,+0.01,6.531454334785768
20180815,9.25,9.25,9.17,9.21,1853806,17077714,436,-0.05,6.49618730274049
20180816,9.21,9.21,9.16,9.17,1231481,11301793,380,-0.04,6.4679736771042675
20180817,9.18,9.31,9.18,9.23,804275,7441622,283,+0.06,6.510294115558601
20180820,9.27,9.37,9.25,9.3,1053052,9818077,334,+0.07,6.559667960421993
20180821,9.3,9.35,9.3,9.32,588117,5482841,225,+0.02,6.573774773240104
20180822,9.32,9.37,9.3,9.34,1090471,10188719,290,+0.02,6.587881586058216
20180823,9.35,9.41,9.34,9.4,1039065,9737992,273,+0.06,6.630202024512553
20180824,9.41,9.41,9.35,9.37,446441,4183866,156,-0.03,6.609041805285384
20180827,9.35,9.4,9.32,9.35,542032,5066513,194,-0.02,6.594934992467272
20180828,9.38,9.38,9.34,9.36,539899,5050348,172,+0.01,6.601988398876328
20180829,9.36,9.37,9.33,9.35,752358,7037281,235,-0.01,6.594934992467272
20180830,9.36,9.37,9.32,9.36,861590,8046782,229,+0.01,6.601988398876328
20180831,9.32,9.38,9.32,9.38,766657,7170057,179,+0.02,6.616095211694442
20180903,9.34,9.5,9.33,9.42,2907214,27453875,731,+0.04,6.644308837330664
20180904,9.42,9.45,9.41,9.42,1108717,10453283,274, 0.00,6.644308837330664
20180905,9.43,9.43,9.39,9.42,786490,7400423,227, 0.00,6.644308837330664
20180906,9.36,9.39,9.35,9.36,411700,3855588,150,-0.06,6.601988398876328
20180907,9.35,9.36,9.26,9.28,1442557,13423844,342,-0.08,6.5455611476038795
20180910,9.22,9.25,9.12,9.12,1580031,14475970,447,-0.16,6.432706645058985
20180911,9.12,9.22,9.1,9.19,903990,8277182,252,+0.07,6.482080489922377
20180912,9.2,9.24,9.17,9.22,656051,6029915,177,+0.03,6.503240709149546
20180913,9.24,9.3,9.23,9.3,744435,6897013,254,+0.08,6.559667960421993
20180914,9.36,9.36,9.2,9.27,3332068,30811273,938,-0.03,6.538507741194826
20180917,9.23,9.32,9.22,9.29,548487,5091977,172,+0.02,6.552614554012936
20180918,9.25,9.28,9.23,9.26,422433,3908804,135,-0.03,6.531454334785768
20180919,9.27,9.32,9.25,9.3,911292,8466497,391,+0.04,6.559667960421993
20180920,9.34,9.34,9.26,9.26,554837,5161409,212,-0.04,6.531454334785768
20180921,9.3,9.31,9.26,9.3,848663,7876731,321,+0.04,6.559667960421993
20180925,9.32,9.35,9.27,9.31,1179626,10982929,177,+0.01,6.5667213668310485
20180926,9.31,9.35,9.3,9.33,601384,5609196,195,+0.02,6.58082817964916
20180927,9.37,9.4,9.36,9.37,1809774,16983556,444,+0.04,6.609041805285384
20180928,9.38,9.38,9.28,9.31,738855,6883081,377,-0.06,6.5667213668310485
20181001,9.32,9.33,9.27,9.29,304003,2824778,134,-0.02,6.552614554012936
20181002,9.32,9.32,9.27,9.27,342558,3178909,143,-0.02,6.538507741194826
20181003,9.28,9.33,9.27,9.29,544686,5063030,189,+0.02,6.552614554012936
20181004,9.28,9.33,9.26,9.26,520453,4831450,264,-0.03,6.531454334785768
20181005,9.24,9.25,9.11,9.12,1520821,13955205,550,-0.14,6.432706645058985
20181008,9.12,9.2,9.11,9.17,808692,7397773,320,+0.05,6.4679736771042675
20181009,9.17,9.24,9.14,9.16,831900,7637048,437,-0.01,6.460920270695208
20181011,8.91,9.0,8.62,8.65,2915619,25527587,978,-0.51,6.101196543833359
20181012,8.5,8.72,8.44,8.7,2024877,17355017,1022,+0.05,6.136463575878639
20181015,8.77,8.77,8.5,8.65,1790936,15381285,886,-0.05,6.101196543833359
20181016,8.65,8.7,8.6,8.7,885103,7658276,405,+0.05,6.136463575878639
20181017,8.74,8.84,8.7,8.7,948453,8310357,379, 0.00,6.136463575878639
20181018,8.7,8.79,8.7,8.72,520352,4544215,297,+0.02,6.150570388696751
20181019,8.68,8.68,8.38,8.38,2670950,22652967,727,-0.34,5.91075457078885
20181022,8.4,8.46,8.28,8.39,2004840,16755631,903,+0.01,5.917807977197906
20181023,8.35,8.36,8.3,8.3,996951,8298321,320,-0.09,5.854327319516402
20181024,8.3,8.36,8.26,8.3,836556,6935456,497, 0.00,5.854327319516402
20181025,8.2,8.2,8.02,8.02,1446852,11780106,463,-0.28,5.656831940062836
20181026,8.1,8.18,8.0,8.1,1044055,8424689,295,+0.08,5.7132591913352835
20181029,8.1,8.14,8.01,8.09,305578,2469699,136,-0.01,5.706205784926229
20181030,8.06,8.12,8.03,8.03,381913,3079838,178,-0.06,5.663885346471891
20181031,8.06,8.16,8.06,8.16,846083,6852905,315,+0.13,5.75557962978962
20181101,8.11,8.25,8.1,8.23,518656,4246558,254,+0.07,5.804953474653011
20181102,8.26,8.29,8.21,8.22,1012600,8356396,368,-0.01,5.797900068243954
20181105,8.22,8.3,8.2,8.26,274656,2265175,150,+0.04,5.826113693880178
20181106,8.27,8.32,8.21,8.28,455943,3763774,240,+0.02,5.840220506698289
20181107,8.28,8.36,8.28,8.36,669417,5571294,152,+0.08,5.8966477579707375
20181108,8.3,8.5,8.3,8.46,1446074,12178141,528,+0.10,5.967181822061297
20181109,8.4,8.46,8.32,8.34,635784,5320962,411,-0.12,5.882540945152627
20181112,8.33,8.34,8.27,8.32,511143,4242213,229,-0.02,5.868434132334514
20181113,8.24,8.27,8.19,8.25,295508,2429759,177,-0.07,5.819060287471123
20181114,8.25,8.35,8.25,8.31,352768,2934860,132,+0.06,5.861380725925458
20181115,8.36,8.44,8.32,8.37,652277,5463124,220,+0.06,5.903701164379791
20181116,8.42,8.48,8.39,8.47,822658,6942876,402,+0.10,5.974235228470353
20181119,8.52,8.56,8.46,8.56,919754,7848177,294,+0.09,6.037715886151855
20181120,8.49,8.52,8.38,8.38,542937,4579898,286,-0.18,5.91075457078885
20181121,8.36,8.44,8.35,8.43,413994,3470283,186,+0.05,5.94602160283413
20181122,8.5,8.5,8.39,8.39,842188,7101912,307,-0.04,5.917807977197906
20181123,8.46,8.46,8.34,8.37,577012,4831377,236,-0.02,5.903701164379791
20181126,8.47,8.67,8.45,8.46,1160041,9942085,438,+0.09,5.967181822061297
20181127,8.54,8.54,8.44,8.45,403646,3414913,163,-0.01,5.960128415652241
20181128,8.44,8.56,8.44,8.55,778537,6640912,282,+0.10,6.0306624797428
20181129,8.59,8.6,8.52,8.58,716926,6138376,342,+0.03,6.051822698969967
20181130,8.58,8.83,8.22,8.22,6722248,57538845,1346,-0.36,5.797900068243954
20181203,8.44,8.56,8.39,8.49,4503582,38131142,806,+0.27,5.9883420412884645
20181204,8.49,8.57,8.49,8.57,897235,7666410,278,+0.08,6.044769292560911
20181205,8.5,9.03,8.48,8.97,8011668,70743899,1861,+0.40,6.326905548923148
20181206,8.97,9.07,8.69,8.7,3828392,34072919,1160,-0.27,6.136463575878639
20181207,8.76,8.92,8.73,8.8,1720386,15159521,901,+0.10,6.206997639969196
20181210,8.8,8.8,8.64,8.66,986495,8566326,397,-0.14,6.108249950242414
20181211,8.67,8.69,8.6,8.63,998338,8611501,449,-0.03,6.087089731015247
20181212,8.63,8.66,8.59,8.63,1095725,9442839,329, 0.00,6.087089731015247
20181213,8.65,8.67,8.62,8.65,617910,5340047,177,+0.02,6.101196543833359
20181214,8.63,8.63,8.57,8.59,371021,3190326,228,-0.06,6.058876105379023
20181217,8.58,8.63,8.54,8.61,495103,4247180,171,+0.02,6.072982918197136
20181218,8.6,8.6,8.48,8.49,1293789,11029434,434,-0.12,5.9883420412884645
20181219,8.57,8.57,8.45,8.49,690760,5865035,260, 0.00,5.9883420412884645
20181220,8.44,8.51,8.38,8.4,878761,7435299,289,-0.09,5.924861383606961
20181221,8.4,8.42,8.34,8.34,1387679,11624457,401,-0.06,5.882540945152627
20181222,8.35,8.43,8.34,8.37,205455,1718063,59,+0.03,5.903701164379791
20181224,8.36,8.4,8.34,8.34,621567,5198977,250,-0.03,5.882540945152627
20181225,8.33,8.33,8.21,8.25,1098722,9081443,310,-0.09,5.819060287471123
20181226,8.25,8.32,8.24,8.26,599262,4966182,152,+0.01,5.826113693880178
20181227,8.32,8.36,8.29,8.34,776241,6455608,216,+0.08,5.882540945152627
20181228,8.33,8.36,8.29,8.36,550453,4585102,154,+0.02,5.8966477579707375
20190102,8.36,8.37,8.33,8.34,249797,2086695,118,-0.02,5.882540945152627
20190103,8.32,8.35,8.3,8.33,293280,2441191,172,-0.01,5.8754875387435685
20190104,8.29,8.31,8.19,8.26,567123,4682574,260,-0.07,5.826113693880178
20190107,8.35,8.41,8.34,8.38,447554,3745819,208,+0.12,5.91075457078885
20190108,8.42,8.42,8.33,8.34,576180,4815531,286,-0.04,5.882540945152627
20190109,8.39,8.48,8.39,8.45,1155212,9745346,364,+0.11,5.960128415652241
20190110,8.45,8.47,8.4,8.46,541107,4571247,223,+0.01,5.967181822061297
20190111,8.46,8.48,8.4,8.41,593623,5005227,330,-0.05,5.931914790016017
20190114,8.41,8.46,8.34,8.34,435508,3643957,247,-0.07,5.882540945152627
20190115,8.34,8.4,8.34,8.39,330183,2762400,168,+0.05,5.917807977197906
20190116,8.32,8.41,8.32,8.33,683401,5707694,250,-0.06,5.8754875387435685
20190117,8.33,8.39,8.31,8.32,1071182,8919905,433,-0.01,5.868434132334514
20190118,8.35,8.38,8.32,8.35,664757,5552776,292,+0.03,5.889594351561681
20190121,8.35,8.41,8.35,8.37,280902,2355808,122,+0.02,5.903701164379791
20190122,8.37,8.41,8.37,8.41,786593,6598719,275,+0.04,5.931914790016017
20190123,8.44,8.45,8.38,8.44,566237,4771028,207,+0.03,5.953075009243184
20190124,8.45,8.59,8.45,8.59,1850529,15807061,546,+0.15,6.058876105379023
20190125,8.6,8.62,8.55,8.59,764666,6564749,527, 0.00,6.058876105379023
20190128,8.58,8.61,8.54,8.6,462024,3964029,246,+0.01,6.065929511788078
20190129,8.59,8.62,8.53,8.62,467962,4013674,271,+0.02,6.08003632460619
20190130,8.63,8.73,8.59,8.68,1325905,11503262,470,+0.06,6.1223567630605285
20190211,8.7,8.72,8.66,8.68,765621,6651991,243, 0.00,6.1223567630605285
20190212,8.69,8.75,8.68,8.72,612664,5348597,291,+0.04,6.150570388696751
20190213,9.3,9.3,8.83,8.93,2206323,19763502,620,+0.21,6.298691923286924
20190214,8.85,8.92,8.77,8.82,797189,7022075,304,-0.11,6.2211044527873085
20190215,8.78,8.86,8.77,8.78,745299,6561021,202,-0.04,6.192890827151085
20190218,8.87,8.92,8.83,8.91,1057293,9396867,292,+0.13,6.284585110468812
20190219,8.91,8.95,8.9,8.94,883842,7887658,245,+0.03,6.30574532969598
20190220,8.96,8.97,8.9,8.93,614924,5501862,309,-0.01,6.298691923286924
20190221,8.93,8.97,8.86,8.87,853703,7587842,397,-0.06,6.256371484832588
20190222,8.9,8.92,8.87,8.9,475686,4227825,297,+0.03,6.277531704059756
20190225,8.92,9.01,8.92,8.94,1015219,9112991,273,+0.04,6.30574532969598
20190226,8.98,8.98,8.91,8.93,421931,3769840,209,-0.01,6.298691923286924
20190227,8.93,8.96,8.91,8.93,405443,3618616,207, 0.00,6.298691923286924
20190304,8.93,8.96,8.92,8.96,472662,4226292,241,+0.03,6.319852142514092
20190305,8.97,8.97,8.88,8.88,480036,4278367,241,-0.08,6.2634248912416455
20190306,8.89,8.9,8.84,8.87,1010606,8960858,367,-0.01,6.256371484832588
20190307,8.87,8.91,8.82,8.82,617415,5464817,189,-0.05,6.2211044527873085
20190308,8.82,8.82,8.74,8.77,553193,4848375,238,-0.05,6.185837420742028
20190311,8.76,8.77,8.73,8.73,661412,5783975,220,-0.04,6.157623795105805
20190312,8.74,8.79,8.72,8.75,966615,8454764,230,+0.02,6.171730607923918
20190313,8.77,8.77,8.73,8.73,316012,2761818,131,-0.02,6.157623795105805
20190314,8.75,8.79,8.72,8.72,577778,5051942,169,-0.01,6.150570388696751
20190315,8.73,8.8,8.73,8.8,550599,4829207,152,+0.08,6.206997639969196
20190318,8.81,8.83,8.74,8.8,458079,4029388,155, 0.00,6.206997639969196
20190319,8.8,8.84,8.77,8.78,485846,4275904,294,-0.02,6.192890827151085
20190320,8.78,8.84,8.74,8.74,1032541,9057231,360,-0.04,6.164677201514862
20190321,8.77,8.82,8.74,8.75,661228,5791810,259,+0.01,6.171730607923918
20190322,8.76,8.81,8.75,8.77,635376,5574081,165,+0.02,6.185837420742028
20190325,8.73,8.74,8.68,8.7,1539688,13396112,414,-0.07,6.136463575878639
20190326,8.73,8.77,8.67,8.69,710381,6181339,299,-0.01,6.129410169469581
20190327,8.69,8.71,8.57,8.62,8262818,69095398,674,-0.07,6.08003632460619
20190328,8.62,8.62,8.53,8.55,1693676,14493955,462,-0.07,6.0306624797428
20190329,8.59,8.6,8.54,8.56,1494037,12797566,785,+0.01,6.037715886151855
20190401,8.6,8.63,8.53,8.57,1045782,8958193,462,+0.01,6.044769292560911
20190402,8.6,8.6,8.51,8.51,1228213,10477194,483,-0.06,6.002448854106576
20190403,8.53,8.57,8.5,8.56,1193037,10162551,561,+0.05,6.037715886151855
20190408,8.56,8.61,8.51,8.61,976554,8350243,446,+0.05,6.072982918197136
20190409,8.62,8.62,8.55,8.6,556206,4772644,376,-0.01,6.065929511788078
20190410,8.57,8.6,8.52,8.55,1205475,10302881,592,-0.05,6.0306624797428
20190411,8.54,8.6,8.52,8.52,1126045,9632157,353,-0.03,6.009502260515631
20190412,8.53,8.57,8.49,8.49,1351592,11495985,401,-0.03,5.9883420412884645
20190415,8.51,8.55,8.5,8.5,629150,5354863,424,+0.01,5.99539544769752
20190416,8.5,8.54,8.5,8.51,581577,4949936,314,+0.01,6.002448854106576
20190417,8.51,8.59,8.49,8.58,1660478,14152865,750,+0.07,6.051822698969967
20190418,8.53,8.55,8.46,8.46,1646773,13972198,432,-0.12,5.967181822061297
20190419,8.49,8.53,8.46,8.49,1267059,10758611,241,+0.03,5.9883420412884645
20190422,8.54,8.54,8.45,8.47,1177970,9986509,258,-0.02,5.974235228470353
20190423,8.48,8.49,8.4,8.4,1351734,11386136,463,-0.07,5.924861383606961
20190424,8.4,8.42,8.34,8.39,1237086,10363582,398,-0.01,5.917807977197906
20190425,8.39,8.41,8.35,8.39,1028947,8613601,504, 0.00,5.917807977197906
20190426,8.38,8.39,8.31,8.35,801730,6698900,260,-0.04,5.889594351561681
20190429,8.33,8.36,8.25,8.31,817316,6785849,240,-0.04,5.861380725925458
20190430,8.29,8.33,8.29,8.31,656834,5452829,180, 0.00,5.861380725925458
20190502,8.3,8.35,8.3,8.31,584394,4861034,180, 0.00,5.861380725925458
20190503,8.32,8.35,8.31,8.32,526402,4380422,224,+0.01,5.868434132334514
20190506,8.35,8.45,8.34,8.39,1545117,12992460,604,+0.07,5.917807977197906
20190507,8.44,8.58,8.43,8.51,2528549,21503214,596,+0.12,6.002448854106576
20190508,8.48,8.6,8.41,8.6,1554718,13249343,496,+0.09,6.065929511788078
20190509,8.65,8.8,8.56,8.61,10822758,93861012,2505,+0.01,6.072982918197136
20190510,8.61,8.64,8.46,8.47,2185813,18663463,826,-0.14,5.974235228470353
20190513,8.35,8.45,8.35,8.35,2048439,17187349,574,-0.12,5.889594351561681
20190514,8.31,8.67,8.29,8.55,3622020,30796957,957,+0.20,6.0306624797428
20190515,8.57,8.62,8.45,8.55,2355684,20094455,624, 0.00,6.0306624797428
20190516,8.56,8.96,8.55,8.72,10166163,89565822,2454,+0.17,6.150570388696751
20190517,8.76,8.95,8.7,8.87,9036447,79880928,2183,+0.15,6.256371484832588
20190520,8.86,8.86,8.65,8.68,2856457,24920247,1046,-0.19,6.1223567630605285
20190521,8.7,8.78,8.63,8.73,3900705,34020402,999,+0.05,6.157623795105805
20190522,8.78,8.83,8.65,8.67,3308452,28904601,1172,-0.06,6.115303356651469
20190523,8.72,8.73,8.54,8.54,2616990,22505676,958,-0.13,6.023609073333741
20190524,8.56,8.62,8.43,8.45,3026587,25738747,1322,-0.09,5.960128415652241
20190527,8.52,8.69,8.48,8.68,5298580,45518392,1725,+0.23,6.1223567630605285
20190528,8.87,8.95,8.55,8.55,11580937,101479895,2686,-0.13,6.0306624797428
20190529,8.58,8.7,8.48,8.56,8603891,73863833,1891,+0.01,6.037715886151855
20190530,8.64,8.7,8.55,8.66,4544576,39270501,1572,+0.10,6.108249950242414
20190531,8.7,8.74,8.64,8.74,3815937,33161945,1576,+0.08,6.164677201514862
20190603,8.78,8.79,8.68,8.78,5611067,49124326,1451,+0.04,6.192890827151085
20190604,8.8,8.82,8.63,8.66,4424000,38601563,1598,-0.12,6.108249950242414
20190605,8.72,8.72,8.66,8.7,2486674,21613151,848,+0.04,6.136463575878639
20190606,8.68,8.7,8.51,8.55,4263058,36534388,1356,-0.15,6.0306624797428
20190610,8.6,8.64,8.55,8.56,2245507,19299036,874,+0.01,6.037715886151855
20190611,8.57,8.6,8.53,8.54,1917479,16392231,486,-0.02,6.023609073333741
20190612,8.59,8.59,8.51,8.54,1680470,14340902,429, 0.00,6.023609073333741
20190613,8.54,8.54,8.47,8.49,1987778,16885204,452,-0.05,5.9883420412884645
20190614,8.49,8.51,8.47,8.48,2014721,17098281,528,-0.01,5.981288634879407
20190617,8.49,8.52,8.45,8.45,1836260,15572557,697,-0.03,5.960128415652241
20190618,8.49,8.57,8.48,8.54,3377439,28749275,641,+0.09,6.023609073333741
20190619,8.57,8.58,8.51,8.54,3189824,27226821,1392, 0.00,6.023609073333741
20190620,8.56,8.58,8.52,8.53,2355988,20138512,677,-0.01,6.016555666924687
20190621,8.57,8.57,8.46,8.49,6055392,51478239,1291,-0.04,5.9883420412884645
20190624,8.49,8.53,8.45,8.49,2512161,21314749,556, 0.00,5.9883420412884645
20190625,8.49,8.5,8.45,8.49,2300729,19509818,790, 0.00,5.9883420412884645
20190626,8.5,8.5,8.45,8.47,2050288,17362824,518,-0.02,5.974235228470353
20190627,8.47,8.51,8.47,8.49,1829182,15528626,512,+0.02,5.9883420412884645
20190628,8.48,8.53,8.46,8.53,2440756,20719061,357,+0.04,6.016555666924687
20190701,8.69,8.69,8.56,8.57,10096598,87013078,1939,+0.04,6.044769292560911
20190702,8.58,8.63,8.55,8.57,2550485,21908822,904, 0.00,6.044769292560911
20190703,8.57,8.59,8.52,8.53,2020571,17267719,712,-0.04,6.016555666924687
20190704,8.55,8.56,8.48,8.5,5523310,46983637,831,-0.03,5.99539544769752
20190705,8.49,8.51,8.48,8.49,2440919,20728436,654,-0.01,5.9883420412884645
20190708,8.49,8.5,8.47,8.49,1061115,9004760,296, 0.00,5.9883420412884645
20190709,8.48,8.5,8.47,8.49,1058978,8984797,254, 0.00,5.9883420412884645
20190710,8.58,8.61,8.54,8.56,5235761,44906942,1122,+0.07,6.037715886151855
20190711,8.58,8.59,8.51,8.53,2332595,19909228,626,-0.03,6.016555666924687
20190712,8.55,8.57,8.52,8.54,1843182,15751847,487,+0.01,6.023609073333741
20190715,8.56,8.61,8.56,8.59,4284262,36776873,908,+0.05,6.058876105379023
20190716,8.6,8.62,8.58,8.61,3708084,31913420,773,+0.02,6.072982918197136
20190717,8.61,8.62,8.55,8.59,2996636,25738168,874,-0.02,6.058876105379023
20190718,8.6,8.61,8.54,8.55,3956006,33902434,1211,-0.04,6.0306624797428
20190719,8.56,8.6,8.55,8.59,2533288,21725525,1044,+0.04,6.058876105379023
20190722,8.64,8.72,8.62,8.7,8112628,70420276,1673,+0.11,6.136463575878639
20190723,8.72,8.73,8.64,8.67,4613836,40024420,1464,-0.03,6.115303356651469
20190724,8.67,8.69,8.61,8.61,3683067,31799479,1044,-0.06,6.072982918197136
20190725,8.61,8.64,8.6,8.61,2131488,18361500,462, 0.00,6.072982918197136
20190726,8.6,8.61,8.58,8.59,2088707,17945386,496,-0.02,6.058876105379023
20190729,8.59,8.63,8.58,8.63,2227990,19176982,497,+0.04,6.087089731015247
20190730,8.63,8.65,8.6,8.61,3647689,31424612,795,-0.02,6.072982918197136
20190731,8.37,8.38,8.32,8.33,3562260,29707724,1168,X0.00,6.051189917294513
20190801,8.3,8.3,8.23,8.23,3313938,27360882,779,-0.10,5.978546580952441
20190802,8.22,8.22,8.09,8.12,3213749,26132683,826,-0.11,5.898638910976164
20190805,8.12,8.14,7.99,8.02,3259599,26210482,943,-0.10,5.825995574634094
20190806,7.96,7.99,7.85,7.99,1932639,15302269,545,-0.03,5.804202573731472
20190807,7.97,8.05,7.97,8.01,950527,7625526,342,+0.02,5.8187312409998855
20190808,8.01,8.13,8.01,8.13,1194655,9666852,345,+0.12,5.905903244610371
20190812,8.12,8.13,8.08,8.1,1940478,15722957,461,-0.03,5.884110243707749
20190813,8.07,8.09,8.05,8.07,930174,7508970,254,-0.03,5.86231724280513
20190814,8.08,8.11,8.05,8.08,2368598,19154531,304,+0.01,5.8695815764393355
20190815,8.04,8.04,7.94,8.0,3091704,24655220,559,-0.08,5.811466907365678
20190816,8.01,8.02,7.98,8.02,1578672,12625756,638,+0.02,5.825995574634094
20190819,8.04,8.05,7.99,8.05,1826202,14632831,517,+0.03,5.847788575536715
20190820,8.05,8.07,8.0,8.04,1494003,11976394,508,-0.01,5.840524241902506
20190821,8.03,8.05,8.0,8.04,1608905,12902038,691, 0.00,5.840524241902506
20190822,8.05,8.06,8.01,8.04,1097803,8817494,451, 0.00,5.840524241902506
20190823,8.03,8.03,8.0,8.01,2203270,17637953,450,-0.03,5.8187312409998855
20190826,7.93,7.98,7.93,7.98,1217411,9680849,242,-0.03,5.796938240097265
20190827,7.99,8.03,7.97,7.97,954253,7627705,250,-0.01,5.789673906463057
20190828,7.98,8.0,7.96,8.0,752202,6002336,339,+0.03,5.811466907365678
20190829,8.0,8.0,7.97,8.0,779765,6227493,314, 0.00,5.811466907365678
20190830,8.0,8.05,8.0,8.02,1469729,11771642,507,+0.02,5.825995574634094
20190902,8.1,8.17,8.06,8.17,2556862,20749009,638,+0.15,5.9349605791472
20190903,8.2,8.2,8.1,8.13,1672317,13605643,622,-0.04,5.905903244610371
20190904,8.11,8.21,8.11,8.18,1372171,11193801,530,+0.05,5.942224912781407
20190905,8.2,8.22,8.17,8.19,1669526,13672387,411,+0.01,5.949489246415614
20190906,8.23,8.26,8.22,8.24,2972885,24502964,653,+0.05,5.985810914586648
20190909,8.25,8.33,8.25,8.3,2554330,21191897,487,+0.06,6.029396916391892
20190910,8.34,8.44,8.3,8.44,6572596,55023219,1309,+0.14,6.131097587270792
20190911,8.45,8.49,8.38,8.39,4311743,36329769,1043,-0.05,6.094775919099756
20190912,8.4,8.44,8.39,8.41,2248616,18929979,604,+0.02,6.109304586368171
20190916,8.45,8.59,8.45,8.57,5958882,50833342,1383,+0.16,6.225533924515484
20190917,8.59,8.6,8.45,8.45,3317360,28266477,844,-0.12,6.138361920904999
20190918,8.5,8.53,8.46,8.5,2077877,17632172,776,+0.05,6.174683589076034
20190919,8.5,8.53,8.46,8.46,1443183,12227157,344,-0.04,6.1456262545392075
20190920,9.3,9.3,9.3,9.3,12272089,114130405,1807,+0.84,6.755830279812603
20190923,9.77,9.77,9.49,9.57,34922963,336231471,5993,+0.27,6.951967287936194
20190924,9.5,9.54,9.42,9.43,8651491,81799967,1893,-0.14,6.850266617057295
20190925,9.42,9.42,9.22,9.25,8014116,74551983,1549,-0.18,6.719508611641566
20190926,9.3,9.37,9.23,9.24,3964775,36854601,941,-0.01,6.7122442780073595
20190927,9.28,9.29,9.07,9.07,5382231,49195234,1135,-0.17,6.5887506062258385
20191001,9.17,9.19,9.08,9.13,2654523,24234647,577,+0.06,6.632336608031081
20191002,9.09,9.15,9.08,9.15,2161646,19717015,496,+0.02,6.646865275299495
20191003,9.1,9.3,9.08,9.27,3934756,36061535,970,+0.12,6.73403727890998
20191004,9.29,9.55,9.29,9.46,9618808,90794316,2138,+0.19,6.872059617959915
20191007,9.53,9.64,9.5,9.58,14948749,143247615,2381,+0.12,6.9592316215703995
20191008,9.6,9.72,9.59,9.72,10937200,105905336,1995,+0.14,7.0609322924493
20191009,9.73,10.65,9.73,10.65,55081400,572003292,8979,+0.93,7.736515320430562
20191014,10.75,11.7,10.6,11.7,76371363,859789671,12781,+1.05,8.499270352022306
20191015,11.7,12.35,11.5,12.15,67122471,802137852,13768,+0.45,8.826165365561625
20191016,12.05,13.25,12.0,13.0,74503294,943922179,15189,+0.85,9.443633724469228
20191017,13.0,13.85,12.65,13.1,132184673,1750538899,25576,+0.10,9.5162770608113
20191018,13.2,13.95,12.85,13.65,77167894,1038938862,14311,+0.55,9.915815410692689
20191021,13.5,14.2,13.5,13.95,21107839,295235225,6061,+0.30,10.133745419718903
20191022,14.15,14.15,13.35,13.35,15626329,212455136,5419,-0.60,9.697885401666476
20191023,13.3,13.3,13.0,13.0,16302597,213043202,5002,-0.35,9.443633724469228
20191024,13.0,13.4,13.0,13.4,8327514,110310632,3040,+0.40,9.734207069837513
20191025,13.55,13.55,13.2,13.3,4972904,66310662,1700,-0.10,9.661563733495441
20191028,13.4,13.6,13.2,13.45,8261041,110662531,2477,+0.15,9.770528738008545
20191029,13.55,13.7,13.2,13.2,9246704,124322781,2863,-0.25,9.58892039715337
20191030,13.1,13.45,13.1,13.3,6829367,90966798,1961,+0.10,9.661563733495441
20191031,13.45,13.75,13.45,13.75,13173520,179189815,4020,+0.45,9.98845874703476
20191101,13.9,13.95,13.65,13.95,11665033,161796831,3782,+0.20,10.133745419718903
20191104,14.35,15.3,14.35,15.3,54306851,816746006,9763,+1.35,11.114430460336862
20191105,15.9,16.1,14.8,15.2,93970600,1458608040,19397,-0.10,11.041787123994789
20191106,15.0,15.05,14.35,14.5,36177467,530849557,8632,-0.70,10.533283769600294
20191107,14.5,15.05,14.4,14.6,31098356,456077909,8160,+0.10,10.605927105942364
20191108,14.6,14.75,14.0,14.0,24091867,341422838,6340,-0.60,10.170067087889937
20191111,13.8,13.95,13.4,13.95,23717405,324186780,5538,-0.05,10.133745419718903
20191112,14.05,14.3,13.55,13.85,19100812,263360207,5305,-0.10,10.06110208337683
20191113,13.6,14.15,13.1,14.0,17717369,245958369,4336,+0.15,10.170067087889937
20191114,13.95,14.75,13.95,14.1,34469707,494224598,9252,+0.10,10.242710424232007
20191115,14.15,14.3,13.8,13.85,15809674,221599525,5531,-0.25,10.06110208337683
20191118,13.95,14.15,13.9,14.0,10387813,145922777,2274,+0.15,10.170067087889937
20191119,14.05,14.3,14.0,14.15,7033454,99477011,2410,+0.15,10.279032092403044
20191120,14.25,14.45,13.95,13.95,12783519,181298077,3097,-0.20,10.133745419718903
20191121,13.85,13.85,13.65,13.75,6891412,94866608,2108,-0.20,9.98845874703476
20191122,13.8,14.0,13.45,13.5,14552091,199146075,3880,-0.25,9.806850406179585
20191125,13.65,13.8,13.4,13.75,7920076,108003428,2492,+0.25,9.98845874703476
20191126,13.9,13.95,13.5,13.5,8443818,115332793,1937,-0.25,9.806850406179585
20191127,13.55,13.7,13.5,13.6,4565661,61958619,1536,+0.10,9.879493742521655
20191128,13.55,13.9,13.3,13.55,15517301,210765756,3980,-0.05,9.843172074350619
20191129,13.5,13.6,13.35,13.6,8733880,117534872,2102,+0.05,9.879493742521655
20191202,13.85,13.9,13.35,13.35,11347594,153882569,2930,-0.25,9.697885401666476
20191203,13.35,13.45,13.25,13.35,3891458,51987132,1059, 0.00,9.697885401666476
20191204,13.35,13.55,13.25,13.5,5280331,70972927,1632,+0.15,9.806850406179585
20191205,13.5,14.4,13.45,14.4,33232785,469171779,8326,+0.90,10.460640433258222
20191206,14.35,14.55,14.05,14.05,19027173,272155315,5118,-0.35,10.206388756060976
20191209,14.1,14.25,13.9,13.95,8402096,118037925,1979,-0.10,10.133745419718903
20191210,13.95,14.2,13.95,14.2,6491343,91528179,1774,+0.25,10.315353760574078
20191211,14.4,14.8,14.1,14.1,24187058,349128803,6512,-0.10,10.242710424232007
20191212,14.15,14.2,13.85,13.85,7539974,105405980,2286,-0.25,10.06110208337683
20191213,13.95,14.1,13.55,13.6,9745115,133739396,2609,-0.25,9.879493742521655
20191216,13.55,14.1,13.55,14.05,11517922,160195542,2870,+0.45,10.206388756060976
20191217,14.2,14.25,14.0,14.1,8179565,115424326,2104,+0.05,10.242710424232007
20191218,14.1,14.15,13.9,13.9,5318979,74501847,1431,-0.20,10.097423751547867
20191219,14.1,14.35,13.85,14.05,10542743,148433552,2593,+0.15,10.206388756060976
20191220,13.95,14.0,13.75,13.75,6336725,87835708,1580,-0.30,9.98845874703476
20191223,13.85,14.1,13.8,13.85,7501269,104627088,1838,+0.10,10.06110208337683
20191224,14.0,14.45,13.9,14.05,22026560,313549601,5636,+0.20,10.206388756060976
20191225,14.1,14.15,13.85,13.9,7509193,104625113,2059,-0.15,10.097423751547867
20191226,13.9,14.05,13.85,13.9,7671960,107138332,1662, 0.00,10.097423751547867
20191227,14.0,14.2,13.95,14.15,8478271,119538138,2162,+0.25,10.279032092403044
20191230,14.3,14.65,14.25,14.55,26617947,386198796,6736,+0.40,10.56960543777133
20191231,14.55,14.7,14.4,14.4,11750163,170606742,3290,-0.15,10.460640433258222
20200102,14.45,14.5,13.95,14.0,17812731,251991434,4234,-0.40,10.170067087889937
20200103,14.0,14.1,13.8,13.8,9642103,134089609,3102,-0.20,10.024780415205795
20200106,13.8,13.9,13.7,13.7,6492063,89354456,1811,-0.10,9.952137078863725
20200107,13.7,13.9,13.55,13.75,8585034,117927413,2029,+0.05,9.98845874703476
20200108,13.7,13.8,13.55,13.6,4910415,67025318,1431,-0.15,9.879493742521655
20200109,13.7,13.75,13.55,13.6,3453120,47089466,1129, 0.00,9.879493742521655
20200110,13.65,13.9,13.6,13.7,5552890,76489531,1546,+0.10,9.952137078863725
20200113,13.8,13.85,13.65,13.8,3936345,54185068,1030,+0.10,10.024780415205795
20200114,13.85,14.35,13.85,14.2,16083961,227793086,3907,+0.40,10.315353760574078
20200115,14.25,14.65,14.15,14.6,27198021,392839336,6194,+0.40,10.605927105942364
20200116,14.5,16.0,14.35,14.85,69774852,1059679782,18722,+0.25,10.787535446797541
20200117,15.15,15.8,15.1,15.7,57414282,891276359,13577,+0.85,11.405003805705146
20200120,15.8,16.05,15.55,15.9,33712101,534763871,8633,+0.20,11.550290478389288
20200130,14.95,15.1,14.35,14.35,38677890,566004561,6981,-1.55,10.424318765087184
20200131,14.65,15.0,14.3,14.7,25895719,380845408,6466,+0.35,10.678570442284434
20200203,14.0,14.2,13.7,13.95,20712925,288734034,5205,-0.75,10.133745419718903
20200204,14.0,14.15,13.7,14.05,11992733,167682462,3141,+0.10,10.206388756060976
20200205,14.15,14.6,14.1,14.4,21635152,311498121,5105,+0.35,10.460640433258222
20200206,14.4,14.7,14.3,14.6,11593556,168346722,2969,+0.20,10.605927105942364
20200207,14.55,14.6,14.1,14.15,10304816,146980140,2958,-0.45,10.279032092403044
20200210,13.8,14.1,13.8,14.0,6032468,84226452,1708,-0.15,10.170067087889937
20200211,14.15,14.35,14.05,14.1,9822164,139426399,2259,+0.10,10.242710424232007
20200212,14.1,14.2,14.05,14.15,4415331,62360541,1203,+0.05,10.279032092403044
20200213,14.2,14.35,14.05,14.05,6014018,85172345,1768,-0.10,10.206388756060976
20200214,14.1,14.3,14.05,14.1,4860076,68709708,1310,+0.05,10.242710424232007
20200217,14.05,14.1,13.9,13.95,4654781,65017162,1393,-0.15,10.133745419718903
20200218,13.9,14.0,13.8,13.9,3569556,49522613,1057,-0.05,10.097423751547867
20200219,13.9,14.1,13.9,14.05,2877087,40275848,942,+0.15,10.206388756060976
20200220,14.15,14.2,13.95,14.0,2669559,37606123,861,-0.05,10.170067087889937
20200221,14.0,14.0,13.75,13.8,4594908,63659664,1394,-0.20,10.024780415205795
20200224,13.65,13.75,13.3,13.45,13252279,178412279,3672,-0.35,9.770528738008545
20200225,13.05,13.5,13.05,13.45,7578308,100910277,2254, 0.00,9.770528738008545
20200226,13.4,13.5,13.25,13.25,4582371,61071456,1313,-0.20,9.625242065324404
20200227,13.25,13.35,12.8,12.95,8113990,105734810,1930,-0.30,9.407312056298192
20200302,12.5,13.4,12.5,13.1,7948276,103444258,2025,+0.15,9.5162770608113
20200303,13.6,13.6,13.3,13.4,3525804,47373064,1075,+0.30,9.734207069837513
20200304,13.3,13.35,13.1,13.1,2768186,36449981,860,-0.30,9.5162770608113
20200305,13.25,13.4,13.25,13.3,2809445,37374488,892,+0.20,9.661563733495441
20200306,13.2,13.25,12.95,13.1,3600851,47164737,1161,-0.20,9.5162770608113
20200309,12.9,12.95,12.5,12.55,6168988,78316632,1860,-0.55,9.11673871092991
20200310,12.25,12.6,11.95,12.45,9667155,118212116,2417,-0.10,9.044095374587837
20200311,12.6,12.75,12.25,12.25,3065075,38325809,1071,-0.20,8.898808701903695
20200312,12.0,12.1,11.05,11.05,15815771,178927665,4187,-1.20,8.027088665798845
20200313,10.05,10.85,9.97,10.85,20583077,211240451,4697,-0.20,7.881801993114704
20200316,11.0,11.15,10.2,10.25,11589018,124173523,3367,-0.60,7.445941975062276
20200317,9.52,10.4,9.52,9.91,13608921,135592357,4895,-0.34,7.198954631499235
20200318,10.5,10.85,10.1,10.1,18810871,196581083,6143,+0.19,7.336976970549169
20200319,10.1,10.1,9.49,9.67,16747968,163083747,4671,-0.43,7.0246106242782655
20200320,10.05,10.45,9.97,10.15,9880993,100513931,2456,+0.48,7.373298638720206
20200323,9.8,10.1,9.7,9.94,4283507,42569946,1364,-0.21,7.220747632401856
20200324,10.15,10.35,10.15,10.2,5560205,56991560,1470,+0.26,7.409620306891242
20200325,10.4,10.8,10.4,10.75,7806439,82689080,2086,+0.55,7.809158656772633
20200326,10.8,10.85,10.5,10.7,5649465,60226387,1509,-0.05,7.772836988601595
20200327,10.85,11.35,10.85,10.85,10710653,118360177,2584,+0.15,7.881801993114704
20200330,10.5,10.95,10.4,10.9,3180288,34166183,1200,+0.05,7.9181236612857395
20200331,11.1,11.15,10.85,11.05,5058543,55739023,1351,+0.15,8.027088665798845
20200401,10.95,11.1,10.85,11.0,2902908,31869638,957,-0.05,7.990766997627809
20200406,11.15,11.15,10.5,10.95,6183781,67558908,1438,-0.05,7.954445329456774
20200407,11.1,11.2,11.0,11.0,6697597,74075417,1385,+0.05,7.990766997627809
20200408,11.0,11.5,11.0,11.5,6280441,71119866,1842,+0.50,8.353983679338166
20200409,11.6,11.9,11.45,11.7,9482855,110824034,2018,+0.20,8.499270352022306
20200410,11.8,12.6,11.75,12.35,16288413,200475661,3991,+0.65,8.971452038245767
20200413,12.35,12.35,12.05,12.1,4901953,59787486,1272,-0.25,8.789843697390591
20200414,12.3,12.35,11.85,12.05,10736782,129537759,1872,-0.05,8.753522029219555
20200415,12.2,12.5,12.1,12.45,10517137,129626952,2566,+0.40,9.044095374587837
20200416,12.35,12.55,12.2,12.4,9160923,114087783,2581,-0.05,9.007773706416804
20200417,12.55,12.65,12.05,12.05,14364196,176867986,4368,-0.35,8.753522029219555
20200420,12.0,12.1,11.9,11.9,4130101,49441945,1160,-0.15,8.644557024706447
20200421,11.85,11.9,11.3,11.35,7117485,82357326,2075,-0.55,8.245018674825056
20200422,11.3,11.75,11.05,11.65,4165917,47784978,1451,+0.30,8.46294868385127
20200423,11.85,12.15,11.75,11.85,6537292,78342087,1940,+0.20,8.608235356535413
20200424,11.85,12.15,11.85,11.9,5228415,62830531,1324,+0.05,8.644557024706447
20200427,11.95,12.4,11.95,12.2,7976517,97346950,1638,+0.30,8.862487033732661
20200428,12.35,13.15,12.35,13.0,23829561,305139879,5580,+0.80,9.443633724469228
20200429,13.25,14.0,13.05,13.75,29494930,400404570,8193,+0.75,9.98845874703476
20200430,13.9,14.1,13.45,13.8,16144919,222214131,4472,+0.05,10.024780415205795
20200504,13.5,14.1,13.3,13.8,13949437,192270370,3386, 0.00,10.024780415205795
20200505,13.8,14.15,13.8,14.15,15364372,215007665,3435,+0.35,10.279032092403044
20200506,14.15,14.2,13.8,13.85,13255634,185034498,3126,-0.30,10.06110208337683
20200507,13.8,14.6,13.7,13.85,36851413,520344510,7781, 0.00,10.06110208337683
20200508,14.1,14.25,13.9,14.05,15356049,215826068,3122,+0.20,10.206388756060976
20200511,14.05,14.35,13.85,13.85,23402889,330895701,3501,-0.20,10.06110208337683
20200512,13.95,14.1,13.8,13.9,7437157,103548014,1757,+0.05,10.097423751547867
20200513,13.85,14.05,13.8,13.95,3981180,55434436,1315,+0.05,10.133745419718903
20200514,13.95,14.0,13.65,13.65,5619289,77683873,1579,-0.30,9.915815410692689
20200515,13.9,13.95,13.65,13.8,5771519,79431376,1252,+0.15,10.024780415205795
20200518,13.85,14.15,13.85,14.05,9562409,134407292,2578,+0.25,10.206388756060976
20200519,14.35,14.4,14.1,14.25,10921167,155508497,2344,+0.20,10.351675428745116
20200520,14.25,14.3,14.1,14.2,4497018,63883093,1335,-0.05,10.315353760574078
20200521,14.2,14.4,14.15,14.15,5707775,81471954,1532,-0.05,10.279032092403044
20200522,14.15,14.2,13.9,13.9,5599970,78419668,1360,-0.25,10.097423751547867
20200525,13.85,14.1,13.75,13.9,4970561,69375861,1112, 0.00,10.097423751547867
20200526,14.1,14.3,14.0,14.3,7127797,101261948,2416,+0.40,10.387997096916152
20200527,14.5,14.85,14.4,14.6,20143645,294099563,4895,+0.30,10.605927105942364
20200528,14.6,14.6,14.1,14.1,7948549,113981836,1926,-0.50,10.242710424232007
20200529,14.2,14.4,13.95,13.95,6164441,87257139,1285,-0.15,10.133745419718903
20200601,14.05,14.35,14.0,14.25,4010657,56999437,1095,+0.30,10.351675428745116
20200602,14.4,14.4,14.1,14.15,2803093,39837503,766,-0.10,10.279032092403044
20200603,14.25,14.3,14.15,14.25,3300468,46991135,826,+0.10,10.351675428745116
20200604,14.35,14.4,14.1,14.25,10825512,154212364,1232, 0.00,10.351675428745116
20200605,14.3,14.35,14.15,14.2,4131920,58889853,922,-0.05,10.315353760574078
20200608,14.3,14.5,14.2,14.3,7415988,106560423,1481,+0.10,10.387997096916152
20200609,14.4,14.75,14.25,14.5,11535702,168059599,2453,+0.20,10.533283769600294
20200610,14.45,14.55,14.35,14.55,4946925,71518594,1524,+0.05,10.56960543777133
20200611,14.65,14.85,14.0,14.05,12597242,180218038,2585,-0.50,10.206388756060976
20200612,13.7,14.0,13.5,13.9,6769083,93568394,1896,-0.15,10.097423751547867
20200615,14.0,14.0,13.8,13.85,4480909,62168139,1184,-0.05,10.06110208337683
20200616,14.1,14.1,13.95,14.0,2739577,38460537,693,+0.15,10.170067087889937
20200617,14.1,14.15,14.0,14.0,2142435,30069705,556, 0.00,10.170067087889937
20200618,14.1,14.2,13.9,14.05,6662799,94027186,1130,+0.05,10.206388756060976
20200619,14.05,14.1,13.9,14.05,3278149,45981365,712, 0.00,10.206388756060976
20200622,14.15,14.8,14.15,14.45,17501220,254264155,4965,+0.40,10.496962101429258
20200623,14.85,14.85,14.4,14.6,10551071,153789170,3103,+0.15,10.605927105942364
20200624,14.65,14.65,14.4,14.4,4012451,58058962,917,-0.20,10.460640433258222
20200629,14.35,15.2,14.3,15.1,14111254,208361560,3154,+0.70,10.969143787652719
20200630,15.25,15.45,14.85,15.1,15089828,227787270,3567, 0.00,10.969143787652719
20200701,15.1,15.3,14.95,15.15,8059803,121871872,1761,+0.05,11.005465455823753
20200702,15.35,15.85,15.2,15.8,15475534,241219298,4321,+0.65,11.477647142047218
20200703,15.95,16.6,15.65,16.5,27675937,447084077,6375,+0.70,11.986150496441713
20200706,16.6,17.05,16.45,16.65,14763502,246715422,4263,+0.15,12.095115500954819
20200707,16.75,16.8,15.95,16.15,16842374,273726833,3294,-0.50,11.731898819244467
20200708,16.2,17.4,16.2,16.95,21608267,366613062,5673,+0.80,12.31304550998103
20200709,17.0,17.3,16.65,16.95,10054948,170278093,3014, 0.00,12.31304550998103
20200710,17.05,17.05,16.4,16.45,10498871,174306827,2504,-0.50,11.949828828270679
20200713,16.75,17.45,16.7,17.15,11786862,201636618,2896,+0.70,12.458332182665174
20200714,17.6,18.85,17.25,17.95,49763109,905031395,12899,+0.80,13.039478873401741
20200715,18.45,18.8,18.0,18.0,24486514,448813566,8109,+0.05,13.075800541572779
20200716,18.1,18.65,18.0,18.25,22918943,419308278,6190,X0.00,13.482110727892834
20200717,18.35,18.6,17.35,17.6,22301833,399740146,5975,-0.65,13.00192596224186
20200720,17.7,17.95,17.1,17.45,13574952,238820746,3371,-0.15,12.891114093245479
20200721,17.75,18.0,17.4,17.65,12930028,228927526,3269,+0.20,13.038863251907317
20200722,17.65,17.85,17.55,17.7,6671356,117922265,2030,+0.05,13.075800541572779
20200723,17.65,18.05,17.5,17.5,23019122,410584556,3654,-0.20,12.928051382910938
20200724,17.4,17.55,16.95,17.1,11005460,189373470,3111,-0.40,12.632553065587262
20200727,17.2,17.55,17.0,17.1,6535921,112896594,2512, 0.00,12.632553065587262
20200728,17.15,17.25,16.15,16.15,14849063,246134095,3880,-0.95,11.930744561943524
20200729,16.2,17.4,16.2,17.25,13462542,229561063,4072,+1.10,12.74336493458364
20200730,17.2,17.35,17.0,17.15,4643516,79468188,1646,-0.10,12.669490355252718
20200731,17.05,17.2,16.7,16.75,7363321,124649816,1788,-0.40,12.373992037929042
20200803,16.7,16.75,16.3,16.5,6584229,108670905,1645,-0.25,12.189305589601743
20200804,16.65,16.9,16.55,16.6,5115610,85407537,1701,+0.10,12.263180168932664
20200805,16.75,16.85,16.35,16.45,4723800,78074057,1444,-0.15,12.152368299936283
20200806,16.6,16.65,16.15,16.25,7280548,118488465,2006,-0.20,12.004619141274445
20200807,16.45,16.45,16.1,16.15,4644050,75343940,2183,-0.10,11.930744561943524
20200810,16.3,16.7,16.2,16.25,5844684,95851220,1492,+0.10,12.004619141274445
20200811,16.4,16.7,16.2,16.5,7828402,129223898,2139,+0.25,12.189305589601743
20200812,17.6,18.15,17.4,18.15,47258469,847108715,12246,+1.65,13.408236148561913
20200813,18.3,18.4,17.65,18.1,19496622,350396145,6092,-0.05,13.371298858896461
20200814,18.05,19.35,17.9,19.1,28586545,536324305,9687,+1.00,14.110044652205655
20200817,19.5,20.3,19.5,20.1,37649112,751624990,10445,+1.00,14.848790445514851
20200818,20.1,20.45,19.65,20.3,18925175,378677402,5703,+0.20,14.996539604176691
20200819,20.3,20.95,20.0,20.1,19547090,399455432,6412,-0.20,14.848790445514851
20200820,20.2,20.55,18.65,19.55,25851297,507286379,7471,-0.55,14.442480259194793
20200821,20.05,20.65,19.9,20.1,24484047,496662273,7173,+0.55,14.848790445514851
20200824,20.3,21.7,20.2,21.0,37459924,782788058,10782,+0.90,15.513661659493128
20200825,21.3,21.9,21.25,21.4,26169349,563118521,8074,+0.40,15.809159976816803
20200826,21.45,21.6,20.65,21.5,15707237,333252651,5358,+0.10,15.883034556147726
20200827,21.65,21.7,21.1,21.2,11418262,243338152,4152,-0.30,15.661410818154964
20200828,21.2,21.55,20.8,21.0,13471769,283651199,4630,-0.20,15.513661659493128
20200831,21.1,21.7,20.75,21.65,15416545,328117661,4993,+0.65,15.993846425144104
20200901,22.1,22.45,21.0,21.25,24773828,533911891,8053,-0.40,15.698348107820427
20200902,21.15,22.2,20.9,21.8,22658488,492538818,6866,+0.55,16.104658294140485
20200903,22.05,22.35,21.65,22.2,14446042,318683244,5428,+0.40,16.400156611464162
20200904,21.7,22.65,21.6,22.6,15026992,334856452,5070,+0.40,16.69565492878784
20200907,23.45,24.8,22.8,23.95,37369355,897606922,11345,+1.35,17.692961749755256
20200908,23.65,24.8,23.15,24.8,28728142,687910957,8947,+0.85,18.320895674068076
20200909,24.05,24.7,23.9,24.5,20402587,497265159,7011,-0.30,18.099271936075315
20200910,24.5,24.85,23.7,23.95,17579564,424434205,6128,-0.55,17.692961749755256
20200911,24.0,24.85,23.9,23.9,26594061,649084773,8659,-0.05,17.656024460089792
20200914,24.2,24.6,23.5,23.75,17755048,424751762,6416,-0.15,17.545212591093414
20200915,23.9,24.3,22.65,24.05,36533048,852693890,12398,+0.30,17.766836329086175
20200916,23.9,24.3,23.35,23.85,17550723,419545623,5840,-0.20,17.619087170424336
20200917,23.7,24.1,23.65,23.75,7827328,186768060,2577,-0.10,17.545212591093414
20200918,23.6,24.1,23.6,24.1,9393906,225488344,3414,+0.35,17.803773618751634
20200921,24.1,24.35,23.95,24.15,6431059,155121645,2759,+0.05,17.840710908417098
20200922,24.05,24.65,23.45,24.5,16410276,397048706,6398,+0.35,18.099271936075315
20200923,24.55,24.8,23.9,23.9,13648855,330148274,4365,-0.60,17.656024460089792
20200924,23.5,24.05,23.4,23.65,10717148,254428758,3660,-0.25,17.471338011762498
20200925,24.0,24.45,22.85,23.0,16108192,379320578,5637,-0.65,16.99115324611152
20200928,23.2,23.95,23.05,23.6,12267615,287212045,4366,+0.60,17.434400722097042
20200929,24.05,24.45,23.6,23.7,10114134,242645772,3272,+0.10,17.508275301427958
20200930,24.0,24.0,23.35,23.45,5402705,127412428,1628,-0.25,17.323588853100656
20201005,23.55,23.6,22.9,23.3,7771390,179642060,2934,-0.15,17.21277698410428
20201006,23.35,23.35,22.75,22.85,11533521,264284313,6269,-0.45,16.88034137711514
20201016,26.3,27.1,25.4,25.95,16778649,442635723,6543,X0.00,17.514788434071885
20201019,26.0,26.1,23.4,23.8,22514027,547117669,8923,-2.15,16.063659527202734
20201020,23.75,25.9,23.35,25.2,21680413,542148718,10013,+1.40,17.008580675861715
20201021,25.0,25.75,24.9,25.3,8238544,208985024,3770,+0.10,17.076075043623074
20201022,25.1,26.15,25.1,25.9,15654659,401793122,5886,+0.60,17.481041250191208
20201023,25.5,26.0,25.4,25.8,8537434,220130586,3528,-0.10,17.413546882429856
20201026,25.8,26.1,25.6,25.85,8224613,213455772,3477,+0.05,17.447294066310537
20201027,25.7,25.85,25.35,25.35,6971680,177995040,3750,-0.50,17.109822227503752
20201028,25.35,27.15,25.2,26.05,26228972,692628007,9856,+0.70,17.582282801833248
20201029,25.65,26.45,25.35,26.25,8029251,208542325,3644,+0.20,17.71727153735596
20201030,26.05,26.8,26.05,26.2,7274485,192809492,3278,-0.05,17.683524353475278
20201102,26.2,26.3,25.9,26.15,5586544,146026723,1606,-0.05,17.649777169594604
20201103,26.35,27.1,26.25,26.7,9389965,249673503,2809,+0.55,18.020996192282063
20201104,26.7,26.9,26.5,26.7,5508094,147261815,2387, 0.00,18.020996192282063
20201105,26.85,27.0,26.4,26.4,4589358,122329542,1878,-0.30,17.81851308899799
20201106,26.7,26.9,26.5,26.75,3729918,99660150,1628,+0.35,18.054743376162737
20201109,27.0,28.15,27.0,28.0,13484525,374333898,5539,+1.25,18.898422973179684
20201110,28.2,29.7,27.5,28.3,20512012,585659442,8108,+0.30,19.100906076463755
20201111,28.85,28.85,27.95,28.55,5779343,164155900,2759,+0.25,19.269641995867143
20201112,28.2,28.7,27.5,27.75,7894351,220683329,2626,-0.80,18.729687053776296
20201113,27.65,28.55,27.65,28.3,4787015,135247688,2001,+0.55,19.100906076463755
20201116,28.3,28.5,27.9,28.45,5684283,160107129,2411,+0.15,19.202147628105788
20201117,28.4,28.65,28.1,28.15,3718620,105083002,1688,-0.30,18.999664524821718
20201118,28.2,28.25,27.25,27.5,8385460,231285203,3693,-0.65,18.560951134372903
20201119,27.3,27.35,26.5,26.5,12823173,343312369,5436,-1.00,17.886007456759344
20201120,26.5,27.1,26.05,26.25,11921259,313880152,4390,-0.25,17.71727153735596
20201123,26.35,27.25,26.35,27.1,9480823,254113956,3799,+0.85,18.29097366332748
20201124,27.0,27.2,26.8,27.0,7168375,193335623,2569,-0.10,18.22347929556613
20201125,27.15,27.15,26.9,27.0,5354390,144610513,1608, 0.00,18.22347929556613
20201126,27.15,27.15,26.7,26.75,3864966,103736713,1534,-0.25,18.054743376162737
20201127,26.75,26.85,26.45,26.65,2480573,66170708,1129,-0.10,17.987249008401378
20201130,27.0,27.35,26.85,27.05,5063961,137291153,2191,+0.40,18.257226479446807
20201201,27.05,27.35,26.8,26.9,3020293,81388363,1596,-0.15,18.15598492780477
20201202,27.0,27.0,26.1,26.25,8491115,223474059,3696,-0.65,17.71727153735596
20201203,26.25,26.3,24.6,25.05,17650627,445074939,8337,-1.20,16.907339124219686
20201204,25.0,25.4,24.5,24.8,12716719,315589517,4996,-0.25,16.73860320481629
20201207,25.0,25.65,24.55,25.4,8635984,216912391,3966,+0.60,17.14356941138443
20201208,25.4,25.4,24.7,24.9,7689232,191893996,3473,-0.50,16.80609757257765
20201209,24.75,24.9,24.0,24.4,10843631,263758317,4313,-0.50,16.468625733770867
20201210,24.4,24.5,24.05,24.2,7710749,186897872,3008,-0.20,16.333636998248156
20201211,24.1,24.6,23.8,24.3,9375336,226999393,4001,+0.10,16.401131366009512
20201214,24.25,24.25,23.65,24.1,5283746,126491499,2269,-0.20,16.2661426304868
20201215,24.05,24.35,23.8,23.95,3506372,84177765,1603,-0.15,16.164901078844768
20201216,24.25,24.85,24.15,24.7,4657972,114446805,2225,+0.75,16.671108837054934
20201217,24.7,24.7,24.15,24.25,2986579,72627099,1382,-0.45,16.367384182128834
20201218,24.4,24.5,23.85,24.0,2844035,68451111,1455,-0.25,16.198648262725445
20201221,24.05,24.85,23.9,24.65,4597567,112148022,2099,+0.65,16.637361653174263
20201222,24.9,24.9,24.0,24.0,4297996,105219876,1810,-0.65,16.198648262725445
20201223,24.0,24.3,23.95,24.2,3468547,83568296,1415,+0.20,16.333636998248156
20201224,24.35,24.5,24.2,24.4,2565288,62411243,1269,+0.20,16.468625733770867
20201225,24.5,24.65,24.15,24.25,2631453,63982496,1461,-0.15,16.367384182128834
20201228,24.5,24.5,24.1,24.2,2542915,61584631,1288,-0.05,16.333636998248156
20201229,24.25,24.7,24.2,24.55,4339057,106167344,2238,+0.35,16.5698672854129
20201230,24.7,25.25,24.6,24.8,8038676,199978335,3830,+0.25,16.73860320481629
20201231,24.75,25.0,24.35,25.0,5800453,142910953,2728,+0.20,16.873591940339004
20210104,25.0,25.0,24.35,24.7,5344582,131827508,2594,-0.30,16.671108837054934
20210105,24.65,24.65,24.35,24.45,3071344,74995091,1937,-0.25,16.50237291765155
20210106,24.45,24.65,23.8,23.85,6624354,159382056,3028,-0.60,16.097406711083416
20210107,23.9,24.25,23.85,24.15,3762567,90364885,1990,+0.30,16.29988981436748
20210108,24.9,25.0,24.45,24.55,5310955,131009818,2586,+0.40,16.5698672854129
20210111,24.75,24.85,24.0,24.1,5133641,124710273,2693,-0.45,16.2661426304868
20210112,24.05,24.1,23.55,23.6,5268894,125251298,2540,-0.50,15.928670791680025
20210113,23.7,23.9,23.5,23.55,3640112,85877528,1871,-0.05,15.894923607799342
20210114,23.7,23.7,23.5,23.55,2446124,57630499,1226, 0.00,15.894923607799342
20210115,23.65,23.7,22.2,22.25,11885125,270735060,5205,-1.30,15.017496826901715
20210118,22.25,23.25,21.3,23.05,6035147,135502295,2731,+0.80,15.557451768992564
20210119,22.8,23.05,22.6,22.65,3067049,69683895,1734,-0.40,15.287474297947139
20210120,22.7,22.7,21.3,21.6,6958717,152025446,2715,-1.05,14.578783436452904
20210121,21.6,22.3,21.3,21.8,4616251,100060662,2528,+0.20,14.713772171975616
20210122,21.9,21.9,21.25,21.55,4367579,93838516,2188,-0.25,14.545036252572224
20210125,21.55,22.3,21.2,22.25,4110410,89649704,1872,+0.70,15.017496826901715
20210126,22.2,22.3,21.7,21.95,2896455,63500611,1273,-0.30,14.815013723617644
20210127,22.15,22.15,21.7,21.85,2651958,58097356,910,-0.10,14.74751935585629
20210128,21.45,21.65,21.25,21.35,2886788,61842132,1233,-0.50,14.410047517049515
20210129,21.4,21.45,20.85,20.9,4200552,88895352,1679,-0.45,14.10632286212341
20210201,20.85,21.25,20.6,21.15,2084486,43760016,837,+0.25,14.275058781526797
20210202,21.3,22.25,21.2,22.15,3745687,81684451,1874,+1.00,14.950002459140357
20210203,22.05,22.15,21.75,21.9,2858407,62721304,1012,-0.25,14.781266539736968
20210204,21.75,21.85,21.55,21.75,1924765,41727359,753,-0.15,14.680024988094932
20210205,22.35,23.2,22.2,22.45,8684886,196376117,3795,+0.70,15.15248556242443
20210217,22.85,22.9,22.05,22.55,7723763,172995476,2467,+0.10,15.219979930185783
20210218,22.6,23.4,22.55,23.3,6514171,149922856,2283,+0.75,15.726187688395957
20210219,23.3,23.4,22.85,23.25,4352114,100602983,1919,-0.05,15.692440504515274
20210222,23.7,24.3,23.5,24.2,7559230,181526735,3075,+0.95,16.333636998248156
20210223,24.0,24.85,24.0,24.7,9274560,228378482,3576,+0.50,16.671108837054934
20210224,24.95,25.1,24.35,24.55,9025938,223495738,3467,-0.15,16.5698672854129
20210225,24.6,25.0,24.45,24.7,5280082,130630564,1981,+0.15,16.671108837054934
20210226,24.35,24.9,24.2,24.6,7298247,178725221,2593,-0.10,16.603614469293582
20210302,24.8,25.25,24.25,24.25,7147778,177356552,2792,-0.35,16.367384182128834
20210303,24.5,25.45,24.4,25.35,12799974,322323808,4726,+1.10,17.109822227503752
20210304,25.05,25.45,24.9,25.1,7378395,185401699,2707,-0.25,16.941086308100363
20210305,24.8,25.2,24.75,25.2,4538489,113474040,1591,+0.10,17.008580675861715
20210308,25.25,25.9,25.25,25.35,7421321,189902329,2897,+0.15,17.109822227503752
20210309,25.6,25.6,25.05,25.25,5098181,129021474,2328,-0.10,17.0423278597424
20210310,25.35,25.45,24.75,24.9,5267042,131915846,1835,-0.35,16.80609757257765
20210311,24.9,25.15,24.9,24.95,3240999,81017453,1379,+0.05,16.839844756458326
20210312,25.0,25.05,24.7,24.75,3667059,91044321,1273,-0.20,16.704856020935615
20210315,24.8,25.3,24.8,25.05,4307810,107766825,1561,+0.30,16.907339124219686
20210316,25.75,25.8,25.45,25.65,8014779,205390550,3136,+0.60,17.31230533078782
20210317,25.9,26.9,25.7,26.6,14085933,370577336,5387,+0.95,17.953501824520703
20210318,27.0,27.1,26.15,26.85,12400206,329646690,5126,+0.25,18.122237743924092
20210319,26.5,27.2,26.35,27.05,8779790,235000622,3115,+0.20,18.257226479446807
20210322,27.05,27.5,26.6,27.4,8798447,239312532,3997,+0.35,18.493456766611544
20210323,27.3,27.6,26.8,27.6,8147139,222327646,3596,+0.20,18.628445502134266
20210324,27.4,27.6,26.9,26.9,5320102,144680656,2633,-0.70,18.15598492780477
20210325,27.0,27.05,26.5,26.55,4506310,120359048,1950,-0.35,17.919754640640022
20210326,26.65,26.95,26.25,26.35,5834148,154850880,2394,-0.20,17.78476590511731
20210329,26.35,26.9,26.35,26.5,5459389,145427166,1939,+0.15,17.886007456759344
20210330,26.7,27.1,26.55,26.75,5656147,151756803,2229,+0.25,18.054743376162737
20210331,26.8,27.05,26.7,27.05,4811489,129525781,1650,+0.30,18.257226479446807
20210401,27.1,27.1,26.8,26.8,3561822,95735734,1533,-0.25,18.088490560043414
20210406,26.85,26.9,26.35,26.35,6179724,163757522,2754,-0.45,17.78476590511731
20210407,26.45,26.45,25.85,26.35,5807882,151977028,2575, 0.00,17.78476590511731
20210408,26.35,27.25,26.25,27.05,8329371,224200369,2605,+0.70,18.257226479446807
20210409,27.15,27.15,26.65,26.9,4107038,110305230,1918,-0.15,18.15598492780477
20210412,27.05,27.4,26.9,27.25,7998561,217022451,2844,+0.35,18.392215214969518
20210413,27.35,27.8,26.8,26.8,8927732,244416618,3276,-0.45,18.088490560043414
20210414,27.05,28.15,26.85,28.1,17640955,486718789,6192,+1.30,18.965917340941047
20210415,28.3,28.45,27.45,27.6,13833750,384262372,5188,-0.50,18.628445502134266
20210416,27.6,28.0,27.2,27.65,8676530,240170726,3359,+0.05,18.66219268601494
20210419,27.8,29.4,27.75,29.35,22528526,647052365,8514,+1.70,19.80959693795799
20210420,29.1,29.15,28.15,28.45,15619182,444373098,6721,-0.90,19.202147628105788
20210421,28.35,28.95,28.0,28.6,9046578,258527461,3697,+0.15,19.30338917974782
20210422,28.85,30.9,28.05,28.35,26736038,780196216,9673,-0.25,19.134653260344436
20210423,28.2,28.9,27.7,28.5,13081869,369320385,5340,+0.15,19.23589481198647
20210426,28.5,28.65,28.2,28.45,6990923,198610086,2378,-0.05,19.202147628105788
20210427,28.55,28.9,28.2,28.8,7141064,203794901,2917,+0.35,19.438377915270532
20210428,28.85,28.85,28.4,28.55,5205178,148990645,2046,-0.25,19.269641995867143
20210429,28.9,29.2,28.35,28.55,9206453,264321331,2843, 0.00,19.269641995867143
20210503,28.4,28.95,27.35,27.5,11482101,323000312,3785,-1.05,18.560951134372903
20210504,27.6,27.75,25.05,25.9,12037375,315656457,4104,-1.60,17.481041250191208
20210505,26.3,28.2,25.9,27.75,10766231,295450497,3833,+1.85,18.729687053776296
20210506,27.6,28.1,26.65,27.2,6779059,184904261,2934,-0.55,18.358468031088837
20210507,27.45,27.5,26.65,27.1,4310489,116245626,1771,-0.10,18.29097366332748
20210510,27.35,27.5,27.0,27.25,3250876,88673684,1407,+0.15,18.392215214969518
20210511,27.2,27.25,25.8,26.0,7928720,210004168,2615,-1.25,17.548535617952563
20210512,25.5,25.75,23.4,23.75,14194295,343799152,5379,-2.25,16.029912343322057
20210513,22.65,23.8,21.75,23.05,9334681,213911624,3334,-0.70,15.557451768992564
20210514,23.7,23.95,22.85,23.1,6160506,143689949,2299,+0.05,15.59119895287324
20210517,21.75,22.45,20.8,20.9,10465551,222574894,3436,-2.20,14.10632286212341
20210518,21.15,22.95,21.15,22.9,5614537,125069314,1982,+2.00,15.45621021735053
20210519,22.8,23.4,22.4,22.95,3853687,88045950,1698,+0.05,15.489957401231205
20210520,22.8,22.95,22.4,22.55,2541135,57516926,1047,-0.40,15.219979930185783
20210521,22.9,24.0,22.9,23.9,4944710,115861930,2078,+1.35,16.13115389496409
20210524,23.55,24.25,23.3,24.05,3004045,71846835,1206,+0.15,16.232395446606127
20210525,24.2,25.1,23.8,25.0,9564460,235508896,3962,+0.95,16.873591940339004
20210526,25.6,26.0,24.85,25.45,8470979,215743059,3089,+0.45,17.177316595265104
20210527,25.6,25.65,25.0,25.0,3763832,95091256,1450,-0.45,16.873591940339004
20210528,25.2,25.45,24.9,25.1,4371828,110358296,1417,+0.10,16.941086308100363
20210531,25.25,25.9,25.2,25.55,4733207,120681690,1753,+0.45,17.244810963026467
20210601,25.6,25.6,25.15,25.3,2941471,74389606,1241,-0.25,17.076075043623074
20210602,25.35,25.65,25.1,25.4,3944333,100063238,1664,+0.10,17.14356941138443
20210603,25.5,25.95,25.45,25.55,2759866,70804505,1216,+0.15,17.244810963026467
20210604,25.7,25.7,25.2,25.25,2915011,74005924,1420,-0.30,17.0423278597424
20210607,25.5,25.6,25.0,25.1,3195405,80755371,1400,-0.15,16.941086308100363
20210608,25.45,25.8,25.25,25.35,2860015,72916125,1480,+0.25,17.109822227503752
20210609,25.35,25.6,25.1,25.2,2453874,62150024,927,-0.15,17.008580675861715
20210610,25.3,25.4,24.7,24.9,3673329,91645961,1498,-0.30,16.80609757257765
20210611,24.95,25.15,24.75,24.9,2397167,59819878,892, 0.00,16.80609757257765
20210615,24.9,25.0,24.5,24.55,4056593,99964571,1681,-0.35,16.5698672854129
20210616,24.7,24.95,24.5,24.65,3054889,75466097,1795,+0.10,16.637361653174263
20210617,24.65,24.8,24.45,24.8,2904261,71641734,1297,+0.15,16.73860320481629
20210618,24.8,24.8,24.6,24.7,2076159,51223037,709,-0.10,16.671108837054934
20210621,24.45,24.6,23.75,24.1,2978670,71908424,1331,-0.60,16.2661426304868
20210622,24.25,24.5,24.05,24.2,3276185,79447063,1171,+0.10,16.333636998248156
20210623,24.25,24.7,24.2,24.65,3501602,85587067,1533,+0.45,16.637361653174263
20210624,24.7,24.7,24.35,24.5,2815408,68890775,1035,-0.15,16.53612010153223
20210625,24.6,24.6,24.35,24.35,2936883,71872822,1454,-0.15,16.434878549890193
20210628,24.35,24.5,24.25,24.45,2327841,56754707,1093,+0.10,16.50237291765155
20210629,24.45,24.65,24.2,24.45,3755421,91683884,1266, 0.00,16.50237291765155
20210630,24.55,25.8,24.5,25.35,11966049,303275095,4192,+0.90,17.109822227503752
20210701,25.2,25.3,24.6,24.7,4947260,123146637,2113,-0.65,16.671108837054934
20210702,24.8,25.1,24.55,24.65,3297690,81653665,1281,-0.05,16.637361653174263
20210705,24.85,25.2,24.7,25.0,3896710,97280115,1364,+0.35,16.873591940339004
20210706,25.1,25.25,24.75,24.8,3029193,75608391,1311,-0.20,16.73860320481629
20210707,24.9,25.0,24.7,24.85,2324125,57721663,1234,+0.05,16.77235038869697
20210708,25.0,25.3,24.95,25.2,3113282,78198455,1297,+0.35,17.008580675861715
20210709,25.2,25.4,24.95,25.05,3639924,91502438,1309,-0.15,16.907339124219686
20210712,25.25,25.3,24.75,24.85,3261148,81218611,1390,-0.20,16.77235038869697
20210713,24.95,25.0,24.35,24.4,4855109,119356780,1941,-0.45,16.468625733770867
20210714,24.4,24.7,24.2,24.6,3653260,89461837,1592,+0.20,16.603614469293582
20210715,24.7,24.95,24.5,24.8,3304346,81888798,1533,+0.20,16.73860320481629
20210716,24.8,25.4,24.7,25.1,5595539,141055610,1924,+0.30,16.941086308100363
20210719,25.15,25.8,25.0,25.5,6728205,171560420,2635,+0.40,17.211063779145785
20210720,25.4,25.55,25.05,25.4,4598477,116445401,2042,-0.10,17.14356941138443
20210721,25.5,25.7,24.95,25.15,6822930,173269087,2495,-0.25,16.974833491981038
20210722,25.4,25.65,25.3,25.5,6967155,177330341,2310,+0.35,17.211063779145785
20210723,25.55,25.55,25.3,25.5,8510023,216348039,2875, 0.00,17.211063779145785
20210726,24.1,24.2,23.5,23.6,11123344,268663131,3453,X0.00,16.924212716160024
20210727,23.65,23.75,22.75,22.8,5915772,137196611,2398,-0.80,16.3505105901885
20210728,23.0,23.15,22.5,22.9,2719728,62038610,1321,+0.10,16.422223355934936
20210729,23.1,23.4,22.7,22.9,3590662,82027739,1526, 0.00,16.422223355934936
20210730,23.0,23.05,22.55,22.65,3485985,79131902,1510,-0.25,16.242941441568835
20210802,22.7,22.7,22.3,22.5,3527516,79113148,1451,-0.15,16.135372292949178
20210803,22.65,23.1,22.5,23.1,4460708,101478475,1748,+0.60,16.565648887427816
20210804,23.0,23.05,22.75,22.95,1545370,35372394,879,-0.15,16.458079738808156
20210805,22.95,22.95,22.5,22.6,2568324,58132663,1273,-0.35,16.207085058695615
20210806,22.6,22.6,22.4,22.45,3553357,79744293,1048,-0.15,16.099515910075954
20210809,22.6,22.8,22.45,22.45,4009277,90349708,1202, 0.00,16.099515910075954
20210810,22.55,22.6,22.25,22.3,2246066,50163697,1024,-0.15,15.991946761456292
20210811,22.45,22.6,22.35,22.5,3161644,71077323,1308,+0.20,16.135372292949178
20210812,22.6,22.6,22.4,22.45,1582343,35535443,837,-0.05,16.099515910075954
20210813,22.5,22.55,22.15,22.15,2290144,51084142,978,-0.30,15.884377612836628
20210816,22.2,22.25,21.6,21.6,4122687,90237401,1392,-0.55,15.489957401231209
20210817,21.6,21.75,21.45,21.45,2484552,53580189,981,-0.15,15.382388252611547
20210818,21.5,21.6,21.1,21.5,2820352,60269914,1183,+0.05,15.418244635484767
20210819,21.5,21.5,21.15,21.5,2056931,43836826,852, 0.00,15.418244635484767
20210820,21.4,21.6,21.2,21.55,1977154,42326481,758,+0.05,15.454101018357989
20210823,21.7,22.6,21.7,22.6,3599402,80300244,1079,+1.05,16.207085058695615
20210824,22.6,22.6,22.15,22.25,2858803,63654587,1103,-0.35,15.956090378583074
20210825,22.3,22.45,22.2,22.35,1473590,32877064,676,+0.10,16.027803144329514
20210826,22.4,22.4,22.2,22.3,1626433,36230334,779,-0.05,15.991946761456292
20210827,22.3,22.5,22.15,22.45,1566902,35049790,664,+0.15,16.099515910075954
20210830,22.45,22.5,22.3,22.45,947059,21211859,496, 0.00,16.099515910075954
20210831,22.35,22.6,22.35,22.5,1616898,36326040,788,+0.05,16.135372292949178
20210901,22.55,23.1,22.45,23.1,4266174,97455254,1387,+0.60,16.565648887427816
20210902,23.1,23.1,22.75,22.95,1412755,32331104,617,-0.15,16.458079738808156
20210903,22.95,23.2,22.8,22.95,2316386,53210873,864, 0.00,16.458079738808156
20210906,23.0,23.05,22.7,22.9,1822437,41616244,651,-0.05,16.422223355934936
20210907,22.95,23.0,22.7,22.7,1325350,30184267,610,-0.20,16.27879782444206
20210908,22.7,22.85,22.35,22.4,2017191,45509862,854,-0.30,16.06365952720273
20210909,22.3,22.55,22.3,22.3,1634326,36577004,715,-0.10,15.991946761456292
20210910,22.4,22.6,22.25,22.45,2225328,49849288,776,+0.15,16.099515910075954
20210913,22.5,23.05,22.4,22.95,2785557,63670383,953,+0.50,16.458079738808156
20210914,23.0,23.05,22.75,22.9,1375952,31524318,625,-0.05,16.422223355934936
20210915,22.9,22.9,22.55,22.7,1887355,42870503,728,-0.20,16.27879782444206
20210916,22.6,22.75,22.5,22.65,1325826,29939623,591,-0.05,16.242941441568835
20210917,22.7,23.2,22.65,22.95,2599947,59723875,837,+0.30,16.458079738808156
20210922,22.6,22.7,22.45,22.6,1930312,43553121,884,-0.35,16.207085058695615
20210923,22.6,22.75,22.45,22.7,1905531,43068871,846,+0.10,16.27879782444206
20210924,23.0,23.8,22.95,22.95,9402136,219549992,2834,+0.25,16.458079738808156
20210927,23.0,23.75,22.9,23.6,5361015,125409818,1873,+0.65,16.924212716160024
20210928,23.55,23.95,23.3,23.65,5399984,127874219,1955,+0.05,16.960069099033245
20210929,23.45,24.2,23.4,23.95,8455287,202136076,2696,+0.30,17.17520739627256
20210930,24.35,25.5,23.85,24.5,19159696,471101393,6768,+0.55,17.569627607877994
20211001,24.75,24.75,23.4,23.6,9682847,232067543,3909,-0.90,16.924212716160024
20211004,23.65,23.8,23.25,23.55,4183292,98347766,1765,-0.05,16.888356333286804
20211005,23.35,23.55,23.0,23.5,4573605,106630926,1794,-0.05,16.85249995041358
20211006,23.8,24.35,23.7,23.9,7615384,183291326,2929,+0.40,17.13935101339934
20211007,24.25,24.3,23.8,24.3,5692057,137391211,2643,+0.40,17.42620207638511
20211008,24.45,24.75,24.25,24.4,5278403,128948153,2265,+0.10,17.497914842131546
20211012,24.25,24.45,23.95,24.3,3494146,84569837,1452,-0.10,17.42620207638511
20211013,24.35,24.65,24.15,24.35,4428470,107926415,1548,+0.05,17.462058459258326
20211014,24.5,24.5,23.95,24.1,2628348,63450496,1179,-0.25,17.282776544892226
20211015,24.25,24.45,24.2,24.4,3134055,76361777,1616,+0.30,17.497914842131546
20211018,24.5,24.7,24.25,24.7,4501428,110427487,1953,+0.30,17.71305313937087
20211019,24.7,24.9,24.4,24.7,4456309,109522817,2148, 0.00,17.71305313937087
20211020,24.65,24.9,24.5,24.75,2661042,65555859,1285,+0.05,17.74890952224409
20211021,24.8,24.8,24.45,24.5,6562738,161022340,1415,-0.25,17.569627607877994
20211022,24.7,24.7,24.15,24.3,3075725,74702552,1083,-0.20,17.42620207638511
20211025,24.45,24.45,24.0,24.25,2149813,52038071,873,-0.05,17.39034569351189
20211026,24.35,24.8,24.25,24.65,6509210,160161702,1455,+0.40,17.67719675649765
20211027,24.6,24.6,24.2,24.3,2891284,70455727,1439,-0.35,17.42620207638511
20211028,24.3,25.35,24.3,25.0,7866492,196489860,3074,+0.70,17.928191436610195
20211029,25.15,25.75,24.8,25.7,8731097,221739494,3348,+0.70,18.430180796835277
20211101,25.85,26.0,25.45,25.7,5451731,139744916,2824, 0.00,18.430180796835277
20211102,25.7,25.7,24.8,24.85,4804008,120826134,2469,-0.85,17.82062228799053
20211103,24.9,25.05,24.8,24.95,2458275,61243370,1092,+0.10,17.892335053736975
20211104,25.0,25.1,24.75,24.8,2279788,56784852,1089,-0.15,17.78476590511731
20211105,24.8,24.85,24.6,24.7,1874542,46357728,956,-0.10,17.71305313937087
20211108,24.8,25.05,24.7,25.0,2843167,70940745,1005,+0.30,17.928191436610195
20211109,25.05,25.05,24.8,25.0,2380697,59350767,1120, 0.00,17.928191436610195
20211110,25.9,27.5,25.8,27.5,19626373,529409569,5100,+2.50,19.721010580271212
20211111,27.65,27.9,26.5,26.85,40069645,1091337163,14574,-0.65,19.25487760291935
20211112,26.85,27.9,26.8,27.85,14647278,402232665,5536,+1.00,19.972005260383757
20211115,28.1,28.15,27.4,28.15,9451793,263363857,4347,+0.30,20.187143557623074
20211116,28.5,28.6,27.75,27.9,10360246,291027753,4871,-0.25,20.007861643256977
20211117,28.1,28.15,27.45,27.5,6275330,173757124,2851,-0.40,19.721010580271212
20211118,27.45,28.15,27.15,27.95,7994893,221111914,3517,+0.45,20.043718026130193
20211119,27.75,28.0,27.45,27.55,4140706,114480058,2030,-0.40,19.756866963144436
20211122,27.55,27.6,26.85,27.15,5372147,145762557,2321,-0.40,19.470015900158668
20211123,27.3,27.6,26.95,27.2,5497931,149609066,2136,+0.05,19.505872283031888
20211124,27.35,27.35,27.0,27.2,2683648,72792982,1275, 0.00,19.505872283031888
20211125,27.25,27.65,27.1,27.35,3207178,87701591,1226,+0.15,19.61344143165155
20211126,27.2,27.3,26.9,26.95,3231601,87214710,1298,-0.40,19.32659036866579
20211129,26.5,26.85,25.95,26.65,5120919,135450833,1933,-0.30,19.111452071426466
20211130,27.1,27.1,26.6,26.6,3284042,88148349,1115,-0.05,19.075595688553246
20211201,26.6,26.9,26.3,26.75,1809886,48244833,927,+0.15,19.183164837172907
20211202,26.75,26.75,26.5,26.7,1752578,46646427,834,-0.05,19.14730845429969
20211203,26.85,27.15,26.75,26.9,2115676,56944026,954,+0.20,19.29073398579257
20211206,26.95,27.35,26.65,27.25,2659816,72173005,986,+0.35,19.54172866590511
20211207,27.4,27.55,27.15,27.55,2928217,80074007,1045,+0.30,19.756866963144436
20211208,27.7,27.75,27.25,27.5,3032503,83372000,1262,-0.05,19.721010580271212
20211209,27.45,28.1,27.4,27.55,3851019,106654225,1512,+0.05,19.756866963144436
20211210,27.5,27.6,27.35,27.35,1623547,44569270,986,-0.20,19.61344143165155
20211213,27.5,27.6,27.25,27.25,1380136,37800761,869,-0.10,19.54172866590511
20211214,27.25,27.5,27.0,27.05,3088523,83799963,1148,-0.20,19.39830313441223
20211215,27.05,27.4,27.0,27.2,2548827,69259489,967,+0.15,19.505872283031888
20211216,27.5,28.15,27.45,28.1,10919283,304521453,3961,+0.90,20.151287174749854
20211217,28.45,30.2,28.1,29.6,37014754,1090650364,15565,+1.50,21.22697866094647
20211220,30.0,30.6,29.35,30.2,31344331,942741297,14090,+0.60,21.657255255425117
20211221,30.2,30.2,29.5,30.1,11649318,348112012,5164,-0.10,21.585542489678673
20211222,29.9,30.0,29.05,29.2,9646581,284194346,5789,-0.90,20.940127597960707
20211223,29.4,29.4,28.8,29.0,5652910,164105011,2637,-0.20,20.796702066467823
20211224,29.2,29.2,28.85,29.0,2973531,86085292,1501, 0.00,20.796702066467823
20211227,29.2,29.45,29.0,29.35,3662691,107191999,1722,+0.35,21.047696746580367
20211228,29.5,29.5,28.65,28.9,6107478,176929708,3263,-0.45,20.724989300721383
20211229,28.9,30.5,28.7,30.2,20887421,624848677,7629,+1.30,21.657255255425117
20211230,30.2,30.2,28.95,29.15,14955006,439728420,6353,-1.05,20.904271215087487
20220103,29.1,29.1,28.45,28.75,7032254,201869011,3042,-0.40,20.617420152101722
20220104,28.75,28.85,28.1,28.2,6611806,187313964,6738,-0.55,20.222999940496297
20220105,28.2,28.2,27.65,27.8,6277830,174795206,3063,-0.40,19.93614887751054
20220106,27.85,28.05,27.5,27.7,4299264,118927872,2489,-0.10,19.864436111764096
20220107,27.3,27.4,26.25,26.45,19463383,519742071,7088,-1.25,18.968026539933586
20220110,26.5,27.0,26.0,26.65,13388794,354232506,4120,+0.20,19.111452071426466
20220111,26.75,27.0,26.6,26.85,3198589,85854158,1536,+0.20,19.25487760291935
20220112,26.95,27.2,26.55,26.6,4136232,111084003,2010,-0.25,19.075595688553246
20220113,26.6,26.85,26.5,26.6,2390542,63680243,1079, 0.00,19.075595688553246
20220114,26.6,26.6,26.05,26.1,3547965,93073275,1513,-0.50,18.717031859821038
20220117,26.0,26.25,25.7,26.2,2510191,65132103,1316,+0.10,18.78874462556748
20220118,26.15,26.5,26.15,26.2,1598871,42035052,791, 0.00,18.78874462556748
20220119,26.1,26.15,25.9,25.95,2022154,52583528,1148,-0.25,18.60946271120138
20220120,25.95,26.05,25.75,26.0,1487445,38510050,713,+0.05,18.645319094074605
20220121,25.85,26.05,25.7,25.8,3019041,77987571,1263,-0.20,18.501893562581724
20220124,25.7,25.85,25.1,25.7,3472428,88465799,1506,-0.10,18.430180796835277
20220125,25.45,25.45,25.2,25.45,3466155,87792928,1359,-0.25,18.250898882469176
20220126,25.4,25.95,25.35,25.65,2598035,66817470,1064,+0.20,18.394324413962057
20220207,25.65,26.6,25.65,26.45,5379643,141257048,1483,+0.80,18.968026539933586
20220208,26.5,26.95,26.45,26.9,5703693,152766200,2162,+0.45,19.29073398579257
20220209,27.0,27.2,26.8,27.2,4735567,127816680,1679,+0.30,19.505872283031888
20220210,27.25,27.7,27.0,27.45,4588047,125790977,1779,+0.25,19.685154197397992
20220211,27.3,27.45,27.1,27.45,1858946,50765463,755, 0.00,19.685154197397992
20220214,27.2,27.25,27.0,27.2,2253267,61138969,1013,-0.25,19.505872283031888
20220215,27.35,28.0,27.35,27.45,5744103,158761173,3137,+0.25,19.685154197397992
20220216,27.65,27.75,27.45,27.55,2395332,66047987,1623,+0.10,19.756866963144436
20220217,27.6,27.65,27.0,27.35,3698846,100971350,1510,-0.20,19.61344143165155
20220218,27.1,27.5,27.1,27.35,2391450,65392381,914, 0.00,19.61344143165155
20220221,27.25,27.45,27.15,27.4,1783930,48834918,690,+0.05,19.649297814524772
20220222,27.2,27.3,26.75,27.05,4046273,109329298,1561,-0.35,19.39830313441223
20220223,27.1,27.3,26.9,27.1,2194491,59392818,1072,+0.05,19.434159517285448
20220224,26.8,26.95,26.2,26.3,3791722,100581698,2230,-0.80,18.860457391313926
20220225,26.5,26.65,26.15,26.4,2745768,72637385,937,+0.10,18.932170157060362
20220301,27.2,28.1,27.1,27.85,7986039,221010605,2966,+1.45,19.972005260383757
20220302,27.6,28.25,27.6,28.15,4982541,139642617,2290,+0.30,20.187143557623074
20220303,28.3,28.5,28.05,28.15,3280743,92785367,1628, 0.00,20.187143557623074
20220304,28.0,28.25,27.85,27.95,3189212,89314131,1443,-0.20,20.043718026130193
20220307,27.5,27.6,27.0,27.25,4553543,124145956,2020,-0.70,19.54172866590511
20220308,26.7,27.2,26.5,26.8,3128020,83888576,1406,-0.45,19.21902122004613
20220309,27.05,27.4,27.05,27.35,2648998,72194149,1276,+0.55,19.61344143165155
20220310,27.7,27.8,27.5,27.7,1849272,51123947,1169,+0.35,19.864436111764096
20220311,27.7,27.85,27.4,27.4,1948031,53688850,1432,-0.30,19.649297814524772
20220314,27.4,27.65,27.35,27.55,1537495,42308210,780,+0.15,19.756866963144436
20220315,27.7,27.85,27.4,27.5,2866867,78958311,1263,-0.05,19.721010580271212
20220316,27.75,28.1,27.65,27.85,3638913,101284706,1761,+0.35,19.972005260383757
20220317,28.15,28.4,28.05,28.2,5367536,151502482,2106,+0.35,20.222999940496297
20220318,28.3,28.45,28.0,28.0,5931427,167324089,1960,-0.20,20.079574409003417
20220321,28.3,28.55,28.25,28.4,3162288,89793668,1252,+0.40,20.366425471989178
20220322,28.5,28.9,28.4,28.85,5569210,159893336,2222,+0.45,20.689132917848163
20220323,28.95,29.0,28.6,28.85,3990309,114948480,2083, 0.00,20.689132917848163
20220324,28.9,29.15,28.85,29.05,4828406,140343201,1901,+0.20,20.832558449341047
20220325,29.1,29.25,29.0,29.05,3198754,93092948,1690, 0.00,20.832558449341047
20220328,29.05,29.3,28.65,29.2,4139906,119986754,1917,+0.15,20.940127597960707
20220329,29.3,29.6,29.3,29.55,4559692,134320540,2222,+0.35,21.19112227807325
20220330,29.65,29.65,29.35,29.6,4012748,118565240,1947,+0.05,21.22697866094647
20220331,29.6,29.85,29.55,29.75,4679505,139196969,1585,+0.15,21.334547809566132
20220401,29.65,29.95,29.4,29.95,4279559,127592107,1924,+0.20,21.477973341059013
20220406,29.95,30.15,29.75,30.15,4915218,147510230,2018,+0.20,21.621398872551893
20220407,30.15,30.35,29.8,29.85,6684018,200992065,2714,-0.30,21.40626057531257
20220408,29.85,31.0,29.85,31.0,13024714,398395490,5472,+1.15,22.230957381396642
20220411,31.15,31.15,30.3,30.8,8315371,255340837,3697,-0.20,22.087531849903762
20220412,30.8,31.95,30.8,31.45,13452468,422316939,5461,+0.65,22.553664827255623
20220413,31.6,32.75,31.45,32.7,13169078,424544837,5768,+1.25,23.450074399086134
20220414,32.7,32.7,31.8,32.05,8710301,279980610,3932,-0.65,22.98394142173427
20220415,31.7,31.95,30.65,30.65,10868688,337793671,4485,-1.40,21.979962701284098
20220418,30.8,31.7,30.5,30.8,5511233,170521151,2139,+0.15,22.087531849903762
20220419,30.8,30.85,30.2,30.8,6200892,189314567,2395, 0.00,22.087531849903762
20220420,30.85,31.15,30.6,30.65,3230444,99466508,1724,-0.15,21.979962701284098
20220421,30.7,30.7,30.05,30.5,4555998,137985923,2284,-0.15,21.872393552664438
20220422,30.05,31.6,30.05,31.4,6352549,197699736,2601,+0.90,22.5178084443824
20220425,30.85,30.85,30.1,30.15,5393504,164204849,2273,-1.25,21.621398872551893
20220426,30.2,30.3,29.5,29.75,5285198,157711855,2278,-0.40,21.334547809566132
20220427,29.15,29.8,28.85,29.4,5451038,159894365,2327,-0.35,21.083553129453584
20220428,29.45,30.1,29.35,29.6,4590582,136529832,1903,+0.20,21.22697866094647
20220429,29.7,29.8,29.1,29.25,3568605,104892027,1715,-0.35,20.97598398083393
20220503,29.25,29.25,28.6,28.8,3597571,103533909,1650,-0.45,20.653276534974946
20220504,28.9,30.2,28.9,29.65,6342599,188171605,2720,+0.85,21.26283504381969
20220505,29.95,30.85,29.7,30.5,6360651,192834000,2716,+0.85,21.872393552664438
20220506,29.8,30.1,29.6,30.0,3347356,100073435,1423,-0.50,21.513829723932236
20220509,29.6,29.6,27.0,27.0,23912851,657290161,8048,-3.00,19.362446751539007
20220510,25.0,26.85,25.0,26.85,8399410,219537950,3163,-0.15,19.25487760291935
20220511,26.75,26.75,26.2,26.35,3899920,102935814,1742,-0.50,18.896313774187142
20220512,26.0,26.4,25.45,25.5,5172901,133981522,2207,-0.85,18.286755265342396
20220513,25.85,26.6,25.8,26.4,3492763,92097569,1679,+0.90,18.932170157060362
20220516,26.7,26.75,26.25,26.6,3380834,89607925,1682,+0.20,19.075595688553246
20220517,26.7,27.15,26.7,27.05,3235145,87212680,2010,+0.45,19.39830313441223
20220518,27.2,27.35,27.0,27.2,3138871,85361304,1475,+0.15,19.505872283031888
20220519,26.75,26.8,26.05,26.3,5323896,139866271,2573,-0.90,18.860457391313926
20220520,26.3,26.3,26.1,26.3,3373021,88363287,1592, 0.00,18.860457391313926
20220523,26.4,26.45,26.2,26.4,1814962,47822011,795,+0.10,18.932170157060362
20220524,26.45,26.95,26.35,26.35,3611640,95892530,1392,-0.05,18.896313774187142
20220525,26.4,26.5,26.1,26.3,2786806,73158707,1245,-0.05,18.860457391313926
20220526,26.55,26.9,26.55,26.65,3167523,84691520,1377,+0.35,19.111452071426466
20220527,26.8,26.8,26.55,26.75,1859165,49605979,1015,+0.10,19.183164837172907
20220530,26.8,27.0,26.8,27.0,1944513,52259235,866,+0.25,19.362446751539007
20220531,27.05,27.15,26.85,27.15,1738112,46952445,646,+0.15,19.470015900158668
20220601,27.1,27.3,27.05,27.05,2081807,56530457,994,-0.10,19.39830313441223
20220602,26.85,27.1,26.8,27.05,1733273,46731118,886, 0.00,19.39830313441223
20220606,27.05,27.2,26.95,27.05,2109782,57110000,711, 0.00,19.39830313441223
20220607,27.0,27.05,26.85,26.85,1834010,49361768,768,-0.20,19.25487760291935
20220608,26.9,27.0,26.85,26.95,1309912,35251528,764,+0.10,19.32659036866579
20220609,26.9,26.95,26.8,26.9,1222891,32861247,575,-0.05,19.29073398579257
20220610,26.75,26.9,26.7,26.9,1073668,28772090,590, 0.00,19.29073398579257
20220613,26.6,26.6,26.05,26.2,4386260,114980854,1799,-0.70,18.78874462556748
20220614,25.95,26.25,25.8,26.25,1871958,48681696,695,+0.05,18.824601008440705
20220615,26.25,26.35,26.0,26.25,1944221,50880107,945, 0.00,18.824601008440705
20220616,26.3,26.6,26.1,26.2,2841092,75038825,1177,-0.05,18.78874462556748
20220617,25.95,26.1,25.85,26.0,2847304,73980189,1002,-0.20,18.645319094074605
20220620,26.05,26.15,25.5,25.5,5385784,138555548,1378,-0.50,18.286755265342396
20220621,25.75,26.2,25.75,26.0,4939004,128435263,1521,+0.50,18.645319094074605
20220622,26.1,26.15,25.15,25.25,6241253,159537850,2239,-0.75,18.107473350976296
20220623,23.65,23.95,23.2,23.45,7501293,179142131,1687,X0.00,18.107473350976296
20220624,23.65,24.4,23.5,23.85,3047260,72947980,1605,+0.40,18.416342832442844
20220627,24.15,24.15,23.85,24.1,3183928,76260931,1211,+0.25,18.609386258359436
20220628,24.0,24.05,23.3,23.4,2732462,64336828,1274,-0.70,18.068864665792976
20220629,23.25,23.4,23.15,23.3,1839639,42757927,879,-0.10,17.991647295426347
20220630,23.3,23.3,22.5,22.8,4046686,92326492,1287,-0.50,17.605560443593163
20220701,22.9,22.9,22.05,22.15,3335074,74408407,1500,-0.65,17.10364753621002
20220704,22.25,22.65,22.25,22.5,1553253,34849588,654,+0.35,17.37390833249325
20220705,22.7,23.25,22.65,23.25,3199868,73497821,1013,+0.75,17.953038610243023
20220706,23.25,23.25,22.35,22.4,2921240,66276258,1173,-0.85,17.29669096212661
20220707,22.65,22.75,22.25,22.65,2644405,59585456,1028,+0.25,17.489734388043203
20220708,22.85,23.3,22.8,23.2,3101137,71627874,1516,+0.55,17.914429925059704
20220711,23.3,23.3,22.85,23.0,1520505,34942470,739,-0.20,17.75999518432643
20220712,22.85,22.85,22.45,22.7,1822433,41165242,678,-0.30,17.52834307322652
20220713,23.05,23.3,22.9,23.05,2817410,65025390,1211,+0.35,17.798603869509755
20220714,23.15,23.3,22.85,23.3,1189240,27502992,616,+0.25,17.991647295426347
20220715,23.35,23.35,22.9,23.0,1811002,41677485,629,-0.30,17.75999518432643
20220718,23.05,23.3,23.0,23.25,1230518,28537509,787,+0.25,17.953038610243023
20220719,23.3,23.75,23.05,23.75,2723999,63729301,956,+0.50,18.339125462076208
20220720,23.9,24.25,23.9,24.05,2554279,61482230,1195,+0.30,18.57077757317612
20220721,24.1,24.15,23.8,24.15,1716411,41164668,857,+0.10,18.647994943542752
20220722,24.2,24.3,24.0,24.25,1721879,41554415,944,+0.10,18.72521231390939
20220725,24.15,24.4,24.05,24.25,1484302,35990171,733, 0.00,18.72521231390939
20220726,24.25,24.45,24.05,24.3,1228713,29780008,618,+0.05,18.76382099909271
20220727,24.4,24.55,24.3,24.45,1840559,44933417,823,+0.15,18.879647054642664
20220728,24.6,24.65,24.2,24.4,1854697,45172449,634,-0.05,18.841038369459344
20220729,24.4,24.7,24.25,24.7,2491629,60851064,995,+0.30,19.072690480559253
20220801,24.65,25.2,24.6,24.9,2633886,65573080,1245,+0.20,19.22712522129253
20220802,24.65,24.9,24.35,24.7,2697625,66646903,1373,-0.20,19.072690480559253
20220803,24.7,24.7,23.5,23.6,7506194,179341724,3015,-1.10,18.22329940652625
20220804,23.75,23.75,22.9,23.45,4062389,94549591,1863,-0.15,18.107473350976296
20220805,23.6,24.2,23.55,24.2,3677492,87888744,1630,+0.75,18.686603628726072
20220808,24.2,24.2,23.7,23.9,3130969,74914712,1728,-0.30,18.45495151762616
20220809,24.05,24.7,23.95,24.65,4067537,99321229,1374,+0.75,19.034081795375936
20220810,24.4,25.0,24.4,24.7,4776017,118516592,1448,+0.05,19.072690480559253
20220811,24.95,24.95,24.6,24.65,2665392,65844835,1026,-0.05,19.034081795375936
20220812,24.65,24.9,24.6,24.7,2389120,59082392,1214,+0.05,19.072690480559253
20220815,24.8,25.15,24.65,24.95,2882646,71847230,1165,+0.25,19.265733906475845
20220816,25.1,25.3,24.95,25.25,3433497,86354235,1136,+0.30,19.497386017575757
20220817,25.35,25.95,25.35,25.8,4216796,108477660,1646,+0.55,19.922081554592257
20220818,25.6,25.9,25.2,25.25,6203748,158303488,2779,-0.55,19.497386017575757
20220819,25.25,25.35,24.9,25.15,2728594,68603640,1284,-0.10,19.42016864720912
20220822,24.85,25.3,24.85,25.1,2243068,56288140,1057,-0.05,19.381559962025804
20220823,25.1,25.5,25.0,25.4,2384791,60311192,975,+0.30,19.613212073125712
20220824,25.35,25.5,25.2,25.2,1183131,29967495,676,-0.20,19.458777332392437
20220825,25.35,25.55,25.25,25.5,1133462,28848838,537,+0.30,19.69042944349235
20220826,25.6,25.85,25.55,25.8,2536225,65327681,984,+0.30,19.922081554592257
20220829,25.3,25.35,25.15,25.2,1554233,39234950,737,-0.60,19.458777332392437
20220830,25.2,25.45,25.2,25.35,1089733,27583590,574,+0.15,19.574603387942393
20220831,25.35,25.45,25.15,25.4,1094998,27727628,565,+0.05,19.613212073125712
20220901,25.25,25.3,25.1,25.3,1634380,41170707,751,-0.10,19.535994702759076
20220902,25.3,25.4,25.15,25.15,981339,24758389,529,-0.15,19.42016864720912
20220905,25.25,25.3,25.1,25.2,1040561,26204722,465,+0.05,19.458777332392437
20220906,25.2,25.3,24.7,24.85,1858530,46313623,869,-0.35,19.188516536109212
20220907,24.8,24.8,24.45,24.55,1290199,31757387,789,-0.30,18.9568644250093
20220908,24.8,25.05,24.65,25.05,1615502,40256787,712,+0.50,19.342951276842484
20220912,25.2,25.45,25.0,25.4,1784318,45077994,742,+0.35,19.613212073125712
20220913,25.45,25.5,25.2,25.3,940575,23812934,474,-0.10,19.535994702759076
20220914,24.9,24.95,24.75,24.85,2212905,54931844,942,-0.45,19.188516536109212
20220915,24.95,25.35,24.9,25.2,1451219,36507191,672,+0.35,19.458777332392437
20220916,25.1,25.4,25.0,25.4,2215625,56033553,813,+0.20,19.613212073125712
20220919,25.5,25.95,25.5,25.6,3651137,93895621,1501,+0.20,19.767646813858985
20220920,25.85,26.1,25.65,25.75,2204813,56907942,1021,+0.15,19.88347286940894
20220921,25.75,26.0,25.55,25.65,2036060,52438052,1024,-0.10,19.806255499042305
20220922,25.55,25.55,25.2,25.25,2258119,57264533,971,-0.40,19.497386017575757
20220923,25.35,25.9,25.35,25.55,2119265,54176181,974,+0.30,19.72903812867567
20220926,25.35,25.35,24.2,24.3,4973155,122060628,2096,-1.25,18.76382099909271
20220927,24.4,24.7,23.95,24.4,3126047,75874635,1087,+0.10,18.841038369459344
20220928,24.45,24.45,23.5,23.7,2787438,66441345,1182,-0.70,18.300516776892888
20220929,24.0,24.4,23.8,24.25,2877397,69358005,954,+0.55,18.72521231390939
20220930,23.9,24.1,23.65,24.0,4661400,111229240,1071,-0.25,18.5321688879928
20221003,23.85,24.05,23.75,24.0,1005052,24010893,432, 0.00,18.5321688879928
20221004,24.3,24.4,23.95,24.2,1343384,32420817,485,+0.20,18.686603628726072
20221005,24.3,24.4,24.05,24.15,1601977,38805824,626,-0.05,18.647994943542752
20221006,24.25,24.3,24.0,24.3,1206538,29156864,415,+0.15,18.76382099909271
20221007,24.15,24.4,24.1,24.25,1318540,32005400,482,-0.05,18.72521231390939
20221011,23.8,23.8,23.3,23.5,2942648,69244086,1213,-0.75,18.146082036159616
20221012,23.5,23.5,23.1,23.25,1800757,41833568,743,-0.25,17.953038610243023
20221013,23.3,23.3,22.3,22.5,4302494,97295199,1579,-0.75,17.37390833249325
20221014,22.95,23.0,22.7,22.95,1977830,45181823,791,+0.45,17.72138649914311
20221017,22.65,22.65,21.9,22.25,3975049,88168416,1456,-0.70,17.18086490657666
20221018,22.5,22.55,21.95,22.3,2187702,48552358,945,+0.05,17.21947359175998
20221019,22.3,22.5,22.1,22.1,2375612,52920006,979,-0.20,17.065038851026703
20221020,22.05,22.4,21.3,22.4,5819323,126587124,1797,+0.30,17.29669096212661
20221021,22.1,22.1,21.8,21.9,1693647,37126303,740,-0.50,16.910604110293427
20221024,22.1,22.25,22.0,22.15,1258745,27842556,565,+0.25,17.10364753621002
20221025,22.15,22.2,21.8,22.2,1849325,40723219,838,+0.05,17.14225622139334
20221026,22.2,22.2,21.9,22.1,928655,20485465,470,-0.10,17.065038851026703
20221027,22.15,22.45,22.1,22.45,1983432,44204090,884,+0.35,17.335299647309927
20221028,22.45,22.5,22.2,22.2,817905,18259797,430,-0.25,17.14225622139334
20221031,22.35,22.7,22.25,22.65,1807646,40742219,1003,+0.45,17.489734388043203
20221101,22.7,23.5,22.6,23.4,2537080,58768155,1105,+0.75,18.068864665792976
20221102,23.45,23.55,23.05,23.15,1828410,42488061,949,-0.25,17.875821239876384
20221103,23.0,23.25,22.9,23.0,1168592,26980473,456,-0.15,17.75999518432643
20221104,22.95,23.15,22.8,23.15,932750,21426488,533,+0.15,17.875821239876384
20221107,23.3,23.45,23.2,23.4,1638345,38216279,731,+0.25,18.068864665792976
20221108,23.45,23.95,23.45,23.8,2484728,59073185,942,+0.40,18.377734147259527
20221109,24.05,24.35,23.8,23.9,2310277,55497648,951,+0.10,18.45495151762616
20221110,23.9,24.15,23.8,23.95,1931367,46302276,773,+0.05,18.49356020280948
20221111,24.15,24.4,23.9,23.9,2037633,49064913,893,-0.05,18.45495151762616
20221114,24.05,24.4,23.95,24.3,2720679,65939608,885,+0.40,18.76382099909271
20221115,24.45,24.85,24.2,24.8,3329307,81849835,1073,+0.50,19.149907850925892
20221116,24.9,24.95,24.5,24.5,2371503,58516145,988,-0.30,18.91825573982598
20221117,24.5,25.0,24.5,24.85,2629277,65359284,775,+0.35,19.188516536109212
20221118,24.9,25.0,24.75,24.85,1365963,33949886,553, 0.00,19.188516536109212
20221121,25.0,25.1,24.85,24.95,1615745,40329474,673,+0.10,19.265733906475845
20221122,25.0,25.05,24.7,24.8,1251677,31075213,543,-0.15,19.149907850925892
20221123,25.05,25.35,25.0,25.15,1764992,44440466,809,+0.35,19.42016864720912
20221124,25.3,25.35,25.2,25.2,1109543,27998408,443,+0.05,19.458777332392437
20221125,25.25,25.35,25.05,25.05,1222814,30805104,510,-0.15,19.342951276842484
20221128,25.15,25.3,24.85,25.3,1407057,35385706,591,+0.25,19.535994702759076
20221129,25.15,25.35,25.1,25.3,758633,19144339,392, 0.00,19.535994702759076
20221130,25.3,25.4,25.15,25.35,905983,22927003,439,+0.05,19.574603387942393
20221201,25.45,25.5,25.1,25.25,1786812,45198660,814,-0.10,19.497386017575757
20221202,25.2,25.4,25.15,25.25,963073,24338380,497, 0.00,19.497386017575757
20221205,25.3,25.5,25.25,25.3,1584938,40183721,608,+0.05,19.535994702759076
20221206,25.35,25.35,24.9,24.95,2123563,53238670,642,-0.35,19.265733906475845
20221207,25.0,25.15,24.75,25.0,921596,22966377,454,+0.05,19.304342591659164
20221208,24.9,25.1,24.85,25.0,1251885,31208915,449, 0.00,19.304342591659164
20221209,25.2,26.05,25.05,25.6,5284569,135469334,1821,+0.60,19.767646813858985
20221212,25.55,25.65,25.0,25.05,2577966,64920123,1178,-0.55,19.342951276842484
20221213,25.15,25.6,25.1,25.45,1639762,41596398,693,+0.40,19.65182075830903
20221214,25.55,25.55,25.25,25.3,1319215,33480714,681,-0.15,19.535994702759076
20221215,25.25,25.4,25.2,25.25,973668,24608985,419,-0.05,19.497386017575757
20221216,25.0,25.2,24.95,25.05,1924962,48283180,751,-0.20,19.342951276842484
20221219,24.95,25.25,24.95,25.05,921926,23092525,377, 0.00,19.342951276842484
20221220,25.1,25.15,24.6,24.6,2346031,58237873,894,-0.45,18.99547311019262
20221221,24.75,24.9,24.7,24.75,937581,23251828,440,+0.15,19.111299165742572
20221222,24.85,25.05,24.8,24.85,869006,21665393,380,+0.10,19.188516536109212
20221223,24.8,25.1,24.6,25.1,1440189,35830158,716,+0.25,19.381559962025804
20221226,25.1,25.1,24.95,25.05,431897,10800008,230,-0.05,19.342951276842484
20221227,25.1,25.1,24.95,25.0,485070,12134001,266,-0.05,19.304342591659164
20221228,25.05,25.05,24.9,24.95,983087,24538219,376,-0.05,19.265733906475845
20221229,24.95,25.0,24.55,24.95,1944264,48303116,546, 0.00,19.265733906475845
20221230,25.0,25.25,24.9,25.25,1252181,31461982,414,+0.30,19.497386017575757
20230103,25.25,25.3,25.0,25.15,886174,22295581,388,-0.10,19.42016864720912
20230104,25.2,25.6,25.2,25.5,1389893,35387958,695,+0.35,19.69042944349235
20230105,25.55,25.6,25.4,25.55,898461,22929409,693,+0.05,19.72903812867567
20230106,25.55,25.6,25.4,25.6,603350,15399876,388,+0.05,19.767646813858985
20230109,25.65,25.7,25.5,25.55,913086,23343214,426,-0.05,19.72903812867567
20230110,25.65,25.65,25.4,25.55,837079,21346272,579, 0.00,19.72903812867567
20230111,25.55,25.6,25.2,25.35,1128594,28636390,590,-0.20,19.574603387942393
20230112,25.35,25.5,25.2,25.3,886009,22468490,557,-0.05,19.535994702759076
20230113,25.4,25.5,25.0,25.1,1294263,32586624,596,-0.20,19.381559962025804
20230116,25.25,25.35,25.1,25.3,852127,21481882,384,+0.20,19.535994702759076
20230117,25.3,25.6,25.25,25.6,1404827,35737474,579,+0.30,19.767646813858985
20230130,25.7,25.75,25.45,25.55,1712705,43828898,1109,-0.05,19.72903812867567
20230131,25.6,25.8,25.5,25.65,1537530,39384168,762,+0.10,19.806255499042305
20230201,25.65,25.7,25.45,25.5,1406158,35940630,643,-0.15,19.69042944349235
20230202,25.6,25.65,25.5,25.65,1212094,31038436,685,+0.15,19.806255499042305
20230203,25.6,25.7,25.5,25.7,1608047,41193106,649,+0.05,19.84486418422562
20230206,25.65,25.9,25.6,25.85,1719108,44380017,881,+0.15,19.960690239775577
20230207,25.9,26.6,25.85,26.5,5916870,155871790,2292,+0.65,20.462603147158713
20230208,26.5,26.65,26.35,26.45,2130439,56434685,1057,-0.05,20.423994461975397
20230209,26.4,26.65,26.4,26.4,1359753,35999139,876,-0.05,20.38538577679208
20230210,26.4,26.5,26.25,26.5,1644900,43393645,828,+0.10,20.462603147158713
20230213,26.55,26.65,26.4,26.6,1200826,31860215,685,+0.10,20.539820517525353
20230214,26.7,27.1,26.7,26.85,2808057,75588924,1123,+0.25,20.73286394344194
20230215,27.0,27.0,26.6,26.8,1625914,43488141,719,-0.05,20.694255258258625
20230216,26.85,26.9,26.75,26.8,928344,24876458,447, 0.00,20.694255258258625
20230217,26.75,26.8,26.5,26.65,1458086,38769394,626,-0.15,20.578429202708673
20230220,26.5,27.15,26.5,27.1,4296528,115809218,1620,+0.45,20.925907369358534
20230221,27.1,27.15,26.8,26.95,2534192,68411479,922,-0.15,20.810081313808578
20230222,26.85,26.95,26.6,26.95,1664690,44530925,763, 0.00,20.810081313808578
20230223,27.0,27.45,27.0,27.45,2506537,68550191,1163,+0.50,21.19616816564176
20230224,27.6,27.85,27.15,27.7,3291540,90778368,1314,+0.25,21.389211591558354
20230301,27.4,27.4,26.55,26.8,9718341,260467833,3555,-0.90,20.694255258258625
20230302,26.8,26.9,26.55,26.9,2574985,68957456,974,+0.10,20.771472628625265
20230303,26.95,27.0,26.8,26.95,1507502,40546145,827,+0.05,20.810081313808578
20230306,27.0,27.2,27.0,27.2,2012406,54570450,1023,+0.25,21.00312473972517
20230307,27.5,27.5,27.2,27.35,2120980,58026771,1113,+0.15,21.118950795275126
20230308,27.3,27.55,27.2,27.55,1734716,47636523,1182,+0.20,21.2733855360084
20230309,27.65,27.95,27.65,27.8,3016639,83937465,2458,+0.25,21.466428961924994
20230310,27.5,27.9,27.45,27.75,3201694,88662427,2995,-0.05,21.427820276741674
20230313,27.75,27.75,27.15,27.7,3488350,95777786,2674,-0.05,21.389211591558354
20230314,27.5,27.7,27.35,27.55,1761921,48491936,1535,-0.15,21.2733855360084
20230315,27.65,27.7,27.45,27.5,1765868,48666846,1445,-0.05,21.23477685082508
20230316,27.4,27.4,27.0,27.15,2821491,76718019,1612,-0.35,20.964516054541857
20230317,27.2,27.75,27.2,27.65,2961193,81582369,1918,+0.50,21.350602906375038
20230320,27.65,28.0,27.65,27.85,2189668,60978487,1898,+0.20,21.50503764710831
20230321,27.95,28.15,27.85,28.0,2405201,67398216,1584,+0.15,21.620863702658266
20230322,28.1,28.2,28.05,28.05,1521772,42743528,1415,+0.05,21.659472387841586
20230323,27.9,28.1,27.9,27.95,1703443,47659293,1416,-0.10,21.582255017474946
20230324,28.0,28.05,27.7,27.8,2592127,72160337,1767,-0.15,21.466428961924994
20230327,27.8,28.0,27.75,27.95,1370817,38272832,1670,+0.15,21.582255017474946
20230328,28.0,28.1,27.9,28.0,1738905,48664222,2313,+0.05,21.620863702658266
20230329,27.95,28.1,27.75,27.85,1636962,45648079,1228,-0.15,21.50503764710831
20230330,27.9,28.0,27.65,27.95,1719575,47877911,1010,+0.10,21.582255017474946
20230331,27.95,28.0,27.8,27.9,2424721,67654646,798,-0.05,21.54364633229163
20230406,27.85,27.85,27.6,27.75,1184245,32836731,729,-0.15,21.427820276741674
20230407,27.8,27.8,27.7,27.8,1055120,29274999,556,+0.05,21.466428961924994
20230410,27.9,27.9,27.7,27.85,742044,20622129,411,+0.05,21.50503764710831
20230411,27.95,28.2,27.85,28.0,2437808,68405628,1077,+0.15,21.620863702658266
20230412,28.05,28.1,27.95,27.95,1522386,42610120,844,-0.05,21.582255017474946
20230413,28.0,28.05,27.9,27.95,655876,18327296,476, 0.00,21.582255017474946
20230414,28.0,28.0,27.85,27.9,1297245,36203817,576,-0.05,21.54364633229163
20230417,27.9,28.0,27.85,27.9,766241,21371565,494, 0.00,21.54364633229163
20230418,27.95,28.1,27.85,28.05,2232817,62503237,815,+0.15,21.659472387841586
20230419,28.1,28.4,27.75,27.8,4921106,138147456,2107,-0.25,21.466428961924994
20230420,27.85,27.85,27.35,27.4,2872100,79224289,1614,-0.40,21.157559480458445
20230421,27.45,27.65,27.2,27.4,1632533,44753145,819, 0.00,21.157559480458445
20230424,27.55,28.45,27.45,28.35,7463031,210484717,2873,+0.95,21.891124498941494
20230425,28.4,28.45,27.75,27.9,3620391,101522896,2107,-0.45,21.54364633229163
20230426,27.8,28.1,27.7,28.0,1903101,53151520,855,+0.10,21.620863702658266
20230427,28.05,28.1,27.9,28.0,1263105,35349673,870, 0.00,21.620863702658266
20230428,28.0,28.05,27.9,28.0,1870220,52319512,912, 0.00,21.620863702658266
20230502,28.0,28.9,27.95,28.7,7699265,219609053,2888,+0.70,22.161385295224722
20230503,28.7,29.2,28.5,28.75,5695887,164766230,2890,+0.05,22.19999398040804
20230504,28.8,29.05,28.6,29.0,3956020,114116738,1703,+0.25,22.39303740632463
20230505,29.05,29.15,28.8,28.85,2046657,59215814,1035,-0.15,22.277211350774678
20230508,29.05,29.05,28.55,28.85,3404946,97873535,1771, 0.00,22.277211350774678
20230509,28.85,29.1,28.55,28.75,4278852,123099862,1647,-0.10,22.19999398040804
20230510,28.8,29.0,28.65,28.95,5354852,154372136,2266,+0.20,22.354428721141314
20230511,28.85,28.9,28.2,28.25,5520249,156588385,2160,-0.70,21.813907128574858
20230512,28.35,28.7,28.15,28.6,2909802,82994547,1222,+0.35,22.084167924858086
20230515,28.5,28.55,28.25,28.35,2950996,83650346,1670,-0.25,21.891124498941494
20230516,28.45,28.6,28.4,28.6,1894260,53980111,1030,+0.25,22.084167924858086
20230517,28.6,28.75,28.5,28.7,2105456,60266690,1477,+0.10,22.161385295224722
20230518,28.65,28.7,28.35,28.5,3179494,90554881,1614,-0.20,22.00695055449145
20230519,28.7,28.9,28.1,28.75,10383118,296265111,2943,+0.25,22.19999398040804
20230522,28.75,29.0,28.5,29.0,4246037,121975408,1700,+0.25,22.39303740632463
20230523,29.15,29.2,28.7,28.8,3800385,109801900,2531,-0.20,22.23860266559136
20230524,28.7,29.05,28.6,29.05,3826661,110555497,1814,+0.25,22.43164609150795
20230525,28.95,28.95,28.75,28.75,2572684,74114126,1431,-0.30,22.19999398040804
20230526,28.75,28.85,28.65,28.7,2848307,81769308,1323,-0.05,22.161385295224722
20230529,28.75,28.9,28.6,28.9,1956304,56282923,1001,+0.20,22.315820035957994
20230530,28.85,28.85,28.3,28.35,4820839,137368707,2503,-0.55,21.891124498941494
20230531,28.45,28.6,28.25,28.6,2383252,67886747,1145,+0.25,22.084167924858086
20230601,28.5,28.75,28.45,28.65,1464183,41860165,835,+0.05,22.122776610041402
20230602,28.7,28.75,28.65,28.7,1494911,42873690,806,+0.05,22.161385295224722
20230605,28.8,28.9,28.75,28.85,2242817,64698433,1076,+0.15,22.277211350774678
20230606,28.9,29.15,28.9,29.05,4267113,123937340,1562,+0.20,22.43164609150795
20230607,29.1,29.7,29.1,29.4,5798929,170608869,2418,+0.35,22.70190688779118
20230608,29.4,29.45,29.2,29.25,2246356,65781301,1037,-0.15,22.586080832241223
20230609,29.3,29.35,29.15,29.15,1940363,56658920,1062,-0.10,22.508863461874586
20230612,29.25,29.3,29.0,29.05,2622927,76343612,1157,-0.10,22.43164609150795
20230613,29.1,29.15,29.0,29.1,3684784,107095031,1228,+0.05,22.47025477669127
20230614,29.2,29.2,29.0,29.0,4429021,128673681,1163,-0.10,22.39303740632463
20230615,29.05,29.25,29.0,29.15,4684022,136380382,1248,+0.15,22.508863461874586
20230616,29.15,29.3,28.9,28.9,6354878,184529639,2236,-0.25,22.315820035957994
20230619,28.95,28.95,28.7,28.8,8720782,251285187,3065,-0.10,22.23860266559136
20230620,26.75,26.9,26.25,26.25,13696185,364228699,4210,X0.00,21.78221343178258
20230621,26.2,26.2,25.9,26.15,4636970,120821072,2153,-0.10,21.699233571090073
20230626,26.3,26.3,25.8,26.1,3113984,81200807,1435,-0.05,21.657743640743824
20230627,26.15,26.6,25.95,26.4,3768968,99177260,1582,+0.30,21.90668322282134
20230628,26.5,26.7,26.3,26.55,2353380,62402775,1277,+0.15,22.0311530138601
20230629,26.7,27.4,26.6,27.4,6521045,177077308,2542,+0.85,22.73648182974639
20230630,27.45,27.85,27.4,27.5,5129980,141806536,2201,+0.10,22.819461690438896
20230703,27.6,27.8,27.55,27.65,2719573,75321370,1054,+0.15,22.943931481477648
20230704,27.65,27.7,27.45,27.45,1610969,44334565,1230,-0.20,22.77797176009264
20230705,27.5,27.5,27.0,27.0,2476561,67452044,1142,-0.45,22.404562386976366
20230706,27.0,27.1,26.8,26.85,1451378,39071269,786,-0.15,22.28009259593761
20230707,26.8,26.85,26.55,26.7,1765353,47059530,803,-0.15,22.15562280489885
20230710,26.6,26.75,26.4,26.45,1773298,47066968,978,-0.25,21.94817315316759
20230711,26.5,26.65,26.45,26.65,982509,26089432,540,+0.20,22.1141328745526
20230712,26.55,26.55,26.4,26.45,1641120,43420664,774,-0.20,21.94817315316759
20230713,26.5,26.65,26.35,26.35,1422723,37699826,787,-0.10,21.865193292475084
20230714,26.4,26.6,26.3,26.3,2178493,57540008,919,-0.05,21.823703362128832
20230717,26.35,26.35,26.1,26.2,1935474,50755541,984,-0.10,21.740723501436328
20230718,26.2,26.3,26.15,26.15,1477333,38717406,698,-0.05,21.699233571090073
20230719,26.25,26.5,26.2,26.2,1787204,47006976,752,+0.05,21.740723501436328
20230720,26.25,26.45,26.2,26.3,1566471,41237012,723,+0.10,21.823703362128832
20230721,26.4,26.6,26.35,26.55,1694594,44899122,797,+0.25,22.0311530138601
20230724,26.45,26.45,26.1,26.1,2131141,55876664,963,-0.45,21.657743640743824
20230725,26.2,26.35,26.05,26.25,1142142,29903430,584,+0.15,21.78221343178258
20230726,26.3,26.5,26.3,26.4,739027,19508980,443,+0.15,21.90668322282134
20230727,26.45,26.45,26.3,26.35,908996,23962499,591,-0.05,21.865193292475084
20230728,26.45,26.45,26.3,26.3,664243,17509944,443,-0.05,21.823703362128832
20230731,26.35,26.65,26.3,26.35,1938350,51266494,774,+0.05,21.865193292475084
20230801,26.45,26.45,26.25,26.35,1503069,39590467,1017, 0.00,21.865193292475084
20230802,26.4,26.9,26.25,26.6,3549067,94507988,1499,+0.25,22.07264294420635
20230804,26.75,28.15,26.7,27.95,10543711,289556658,3630,+1.35,23.192871063555163
20230807,27.95,28.25,27.65,27.65,6807363,190291202,2388,-0.30,22.943931481477648
20230808,27.7,27.85,27.3,27.45,1920803,52837954,1249,-0.20,22.77797176009264
20230809,27.45,27.7,27.35,27.65,1390526,38336520,783,+0.20,22.943931481477648
20230810,27.65,27.7,27.2,27.2,2012922,55054076,1304,-0.45,22.570522108361377
20230811,27.35,27.35,26.9,27.0,1359753,36814157,1018,-0.20,22.404562386976366
20230814,27.0,27.0,26.5,26.75,2850007,75837362,1268,-0.25,22.197112735245106
20230815,26.85,27.0,26.7,26.8,732513,19658914,487,+0.05,22.23860266559136
20230816,26.7,26.8,26.5,26.7,1124102,29922546,605,-0.10,22.15562280489885
20230817,26.55,26.75,26.25,26.6,1284840,34075780,741,-0.10,22.07264294420635
20230818,26.6,26.85,26.45,26.6,1220663,32464926,725, 0.00,22.07264294420635
20230821,26.7,26.8,26.55,26.7,876708,23423465,566,+0.10,22.15562280489885
20230822,26.6,26.75,26.5,26.55,1096659,29167463,605,-0.15,22.0311530138601
20230823,26.6,26.65,26.45,26.6,844042,22400488,493,+0.05,22.07264294420635
20230824,26.6,26.7,26.5,26.6,666516,17711410,430, 0.00,22.07264294420635
20230825,26.6,26.75,26.5,26.6,911550,24272233,531, 0.00,22.07264294420635
20230828,26.65,26.85,26.65,26.85,868958,23242187,489,+0.25,22.28009259593761
20230829,26.85,27.05,26.85,26.95,1066757,28761146,637,+0.10,22.363072456630114
20230830,27.2,27.2,26.75,27.0,1348881,36227456,710,+0.05,22.404562386976366
20230831,26.95,27.0,26.85,26.85,1395824,37508501,514,-0.15,22.28009259593761
20230901,26.8,27.05,26.8,26.9,666204,17939690,462,+0.05,22.321582526283862
20230904,26.75,27.0,26.5,26.55,2530611,67394150,1219,-0.35,22.0311530138601
20230905,26.55,26.55,26.3,26.4,2531142,66767543,1393,-0.15,21.90668322282134
20230906,26.4,26.4,25.65,25.8,6835193,177946730,2479,-0.60,21.40880405866631
20230907,25.7,25.85,25.35,25.45,4808118,122933576,2278,-0.35,21.11837454624254
20230908,25.45,25.75,25.35,25.6,2699137,69052680,1208,+0.15,21.2428443372813
20230911,25.6,25.6,25.3,25.3,2183072,55446843,1205,-0.30,20.993904755203783
20230912,25.45,25.45,25.2,25.3,2389884,60385789,1299, 0.00,20.993904755203783
20230913,25.25,25.55,25.25,25.55,1363661,34722105,767,+0.25,21.201354406935046
20230914,25.6,25.75,25.55,25.6,1794954,45964671,814,+0.05,21.2428443372813
20230915,25.6,25.7,25.55,25.7,1099772,28197766,657,+0.10,21.3258241979738
20230918,25.65,25.7,25.45,25.5,1257472,32093410,755,-0.20,21.15986447658879
20230919,25.5,25.55,25.45,25.45,819548,20881177,547,-0.05,21.11837454624254
20230920,25.55,25.55,24.9,25.2,2383245,60205194,1141,-0.25,20.91092489451128
20230921,25.2,25.25,24.95,25.1,2297166,57574108,932,-0.10,20.827945033818775
20230922,25.1,25.1,24.95,25.0,1178650,29487151,710,-0.10,20.744965173126264
20230925,25.0,25.35,25.0,25.3,789502,19910480,470,+0.30,20.993904755203783
20230926,25.25,25.25,25.0,25.0,1136980,28525765,657,-0.30,20.744965173126264
20230927,25.0,25.4,25.0,25.1,826307,20775250,395,+0.10,20.827945033818775
20230928,25.1,25.25,25.05,25.05,671848,16868025,421,-0.05,20.78645510347252
20231002,25.2,25.3,25.1,25.3,872211,22002801,500,+0.25,20.993904755203783
20231003,25.3,25.45,25.25,25.3,1176376,29811039,479, 0.00,20.993904755203783
20231004,25.25,25.3,25.15,25.3,830522,20958346,474, 0.00,20.993904755203783
20231005,25.25,25.4,25.2,25.2,764206,19290473,551,-0.10,20.91092489451128
20231006,25.25,25.85,25.2,25.6,1669566,42668528,806,+0.40,21.2428443372813
20231011,25.65,25.65,25.35,25.55,1471692,37482590,958,-0.05,21.201354406935046
20231012,25.6,25.6,25.4,25.45,968221,24639326,631,-0.10,21.11837454624254
20231013,25.45,25.55,25.35,25.4,1219151,30988774,743,-0.05,21.076884615896287
20231016,25.4,25.75,25.35,25.65,1368885,35032429,801,+0.25,21.284334267627546
20231017,25.6,25.6,25.4,25.4,729497,18591220,514,-0.25,21.076884615896287
20231018,25.4,25.55,25.15,25.55,3080098,78282464,869,+0.15,21.201354406935046
20231019,25.45,25.45,25.15,25.25,850353,21458920,526,-0.30,20.95241482485753
20231020,25.2,25.35,25.1,25.2,1127836,28421088,452,-0.05,20.91092489451128
20231023,25.2,25.4,25.1,25.2,600861,15141577,394, 0.00,20.91092489451128
20231024,25.2,25.35,25.15,25.3,711686,17961650,473,+0.10,20.993904755203783
20231025,25.3,25.4,25.3,25.4,675664,17119531,523,+0.10,21.076884615896287
20231026,25.3,25.35,25.15,25.15,615352,15508609,452,-0.25,20.869434964165023
20231027,25.3,25.4,25.25,25.3,818787,20724263,314,+0.15,20.993904755203783
20231030,25.35,25.4,25.15,25.4,730194,18449230,473,+0.10,21.076884615896287
20231031,25.45,25.45,25.2,25.2,739032,18656256,393,-0.20,20.91092489451128
20231101,25.25,25.5,25.25,25.45,623841,15815257,452,+0.25,21.11837454624254
20231102,25.45,25.6,25.45,25.5,750706,19164553,442,+0.05,21.15986447658879
20231103,25.6,25.6,25.45,25.55,682866,17435791,465,+0.05,21.201354406935046
20231106,25.6,25.75,25.5,25.7,866100,22206684,487,+0.15,21.3258241979738
20231107,25.7,25.75,25.5,25.5,1004023,25654751,577,-0.20,21.15986447658879
20231108,25.55,25.6,25.45,25.45,877116,22381987,403,-0.05,21.11837454624254
20231109,25.5,25.7,25.5,25.65,780005,19960201,354,+0.20,21.284334267627546
20231110,25.55,25.7,25.55,25.6,516300,13218782,270,-0.05,21.2428443372813
20231113,25.8,26.2,25.8,25.95,2545473,66159126,1024,+0.35,21.533273849705065
20231114,26.1,26.1,25.8,26.05,1483309,38501562,723,+0.10,21.616253710397572
20231115,26.1,26.2,25.95,26.15,2158056,56259697,932,+0.10,21.699233571090073
20231116,26.15,26.2,26.0,26.05,1024425,26732355,580,-0.10,21.616253710397572
20231117,26.1,26.2,26.05,26.2,1009780,26375583,551,+0.15,21.740723501436328
20231120,26.25,26.55,26.25,26.35,2144295,56650929,923,+0.15,21.865193292475084
20231121,26.5,26.55,26.4,26.5,1600897,42389796,765,+0.15,21.98966308351384
20231122,26.55,26.8,26.45,26.6,1824400,48620968,866,+0.10,22.07264294420635
20231123,26.7,26.9,26.7,26.8,1836947,49230846,1148,+0.20,22.23860266559136
20231124,26.85,26.85,26.7,26.85,1093146,29260749,491,+0.05,22.28009259593761
20231127,26.85,26.95,26.7,26.75,1406201,37686775,694,-0.10,22.197112735245106
20231128,26.8,27.1,26.75,27.1,2454170,66227270,1082,+0.35,22.487542247668873
20231129,27.2,27.2,26.95,27.0,1566071,42345961,917,-0.10,22.404562386976366
20231130,27.0,27.1,26.85,27.1,2369295,63941287,660,+0.10,22.487542247668873
20231201,27.05,27.25,27.0,27.25,1711132,46412328,759,+0.15,22.612012038707633
20231204,27.25,27.55,27.2,27.45,2694818,73908367,1050,+0.20,22.77797176009264
20231205,27.4,27.5,27.2,27.45,2421244,66263428,1039, 0.00,22.77797176009264
20231206,27.5,27.65,27.35,27.65,1805125,49672856,839,+0.20,22.943931481477648
20231207,27.6,27.9,27.55,27.6,1723606,47713030,855,-0.05,22.9024415511314
20231208,27.7,27.8,27.4,27.6,2007482,55332491,1171, 0.00,22.9024415511314
20231211,27.65,27.65,27.4,27.6,2067336,56906264,844, 0.00,22.9024415511314
20231212,27.7,27.7,27.5,27.55,992477,27390952,531,-0.05,22.860951620785148
20231213,27.55,27.75,27.55,27.6,1476530,40777398,678,+0.05,22.9024415511314
20231214,27.65,28.0,27.65,28.0,3531630,98411927,1533,+0.40,23.23436099390142
20231215,28.1,28.25,28.05,28.2,2950288,83072874,1227,+0.20,23.400320715286426
20231218,28.3,28.4,28.15,28.25,2956184,83601383,1151,+0.05,23.441810645632682
20231219,28.35,28.4,27.85,28.3,3513244,98825554,1899,+0.05,23.483300575978937
20231220,28.4,28.5,28.2,28.5,2734511,77515556,1280,+0.20,23.649260297363945
20231221,28.25,28.45,28.2,28.3,2529374,71745128,1193,-0.20,23.483300575978937
20231222,28.2,28.3,28.1,28.15,2478224,69851449,974,-0.15,23.358830784940174
20231225,28.1,28.25,28.05,28.2,1221360,34375352,600,+0.05,23.400320715286426
20231226,28.25,28.5,28.25,28.5,2733293,77681157,1038,+0.30,23.649260297363945
20231227,28.5,28.55,28.4,28.4,1550778,44122820,698,-0.10,23.566280436671438
20231228,28.3,28.3,28.2,28.2,1435252,40540104,643,-0.20,23.400320715286426
20231229,28.2,28.2,28.0,28.15,1422671,39980917,730,-0.05,23.358830784940174
20240102,28.15,28.3,28.1,28.15,1107928,31234489,573, 0.00,23.358830784940174
20240103,28.2,28.2,27.8,27.8,2584655,72150475,1088,-0.35,23.068401272516407
20240104,27.85,28.05,27.85,28.0,1550935,43353906,716,+0.20,23.23436099390142
20240105,28.0,28.1,27.9,28.0,857985,23996472,531, 0.00,23.23436099390142
20240108,28.0,28.05,27.9,27.95,664187,18573806,403,-0.05,23.192871063555163
20240109,28.0,28.05,27.75,27.95,1311855,36549204,540, 0.00,23.192871063555163
20240110,27.95,27.95,27.8,27.8,800091,22263173,436,-0.15,23.068401272516407
20240111,27.8,28.0,27.7,27.95,1097368,30563518,550,+0.15,23.192871063555163
20240112,28.0,28.0,27.85,27.95,953491,26630627,446, 0.00,23.192871063555163
20240115,28.05,28.05,27.9,28.0,1067084,29824185,459,+0.05,23.23436099390142
20240116,27.9,27.9,27.5,27.5,2184102,60484521,908,-0.50,22.819461690438896
20240117,27.45,27.45,27.15,27.45,2932354,80079938,1346,-0.05,22.77797176009264
20240118,27.55,27.9,27.4,27.85,3209261,88784423,1180,+0.40,23.109891202862663
20240119,27.85,28.0,27.65,28.0,1315503,36661850,648,+0.15,23.23436099390142
20240122,28.1,28.6,28.05,28.55,4305320,122187523,1659,+0.55,23.690750227710197
20240123,28.55,28.85,28.55,28.7,3296814,94662428,1278,+0.15,23.815220018748953
20240124,28.75,29.25,28.75,29.0,6361651,184710380,2088,+0.30,24.064159600826468
20240125,29.1,29.2,28.95,29.1,3191676,92825765,1289,+0.10,24.147139461518975
20240126,29.0,29.35,28.9,29.25,3561257,104043364,1359,+0.15,24.27160925255773
20240129,29.25,29.25,29.05,29.25,2555179,74561338,1051, 0.00,24.27160925255773
20240130,29.3,29.5,29.25,29.5,3301752,96813951,1436,+0.25,24.479058904288994
20240131,29.5,29.7,29.45,29.7,3305068,97993832,1457,+0.20,24.645018625674002
20240201,29.8,30.15,29.75,30.0,4147624,124353494,1990,+0.30,24.89395820775152
20240202,30.1,30.1,29.25,29.3,4222155,124391526,3020,-0.70,24.313099182903986
20240205,29.3,29.45,29.15,29.3,1490602,43671001,805, 0.00,24.313099182903986
20240215,29.45,29.6,29.0,29.3,2924344,85442702,1102, 0.00,24.313099182903986
20240216,29.6,30.0,29.55,29.9,2959882,88249610,1267,+0.60,24.810978347059017
20240219,30.0,32.15,30.0,32.0,15243798,477410524,5716,+2.10,26.553555421601622
20240220,31.95,32.4,31.8,32.05,7440274,238599984,3691,+0.05,26.59504535194787
20240221,32.15,32.5,31.9,32.4,7516458,242781890,3150,+0.35,26.88547486437164
20240222,32.5,32.5,31.55,32.0,6526251,208780248,4058,-0.40,26.553555421601622
20240223,32.0,32.1,31.7,32.1,4100131,130968287,1867,+0.10,26.63653528229413
20240226,31.9,32.2,31.85,31.9,2733194,87392770,1590,-0.20,26.470575560909115
20240227,32.05,32.5,31.9,32.35,5947796,191942002,2431,+0.45,26.84398493402539
20240229,32.3,33.0,32.2,33.0,7111361,233129395,3064,+0.65,27.38335402852667
20240301,33.65,34.45,33.3,34.0,12891163,437754589,5925,+1.00,28.213152635451724
20240304,34.2,34.55,34.0,34.15,5930895,203057597,3455,+0.15,28.33762242649048
20240305,34.15,35.4,34.15,35.25,8854778,309981142,4064,+1.10,29.250400894108036
20240306,35.3,35.3,34.6,35.15,5207589,181976616,3810,-0.10,29.167421033415525
20240307,35.15,36.3,34.95,36.25,10084113,362249937,4440,+1.10,30.08019950103309
20240308,36.25,36.8,35.8,36.4,10855090,394527914,5021,+0.15,30.204669292071845
20240311,36.15,36.25,35.7,36.15,4650363,167509108,2275,-0.25,29.99721964034058
20240312,36.2,37.45,36.2,36.95,5383070,199041141,2810,+0.80,30.661058525880623
20240313,36.7,38.05,36.15,36.75,12517457,466232808,5873,-0.20,30.495098804495615
20240314,36.75,37.0,36.0,36.35,5280674,192024232,3017,-0.40,30.163179361725593
20240315,36.4,36.5,35.7,36.15,6456440,232848107,2653,-0.20,29.99721964034058
20240318,36.3,37.35,36.25,37.0,5677506,209794314,2946,+0.85,30.702548456226875
20240319,37.0,37.05,36.35,36.35,3986964,145995386,2733,-0.65,30.163179361725593
20240320,36.25,36.6,36.1,36.25,4416460,160338714,2025,-0.10,30.08019950103309
20240321,36.55,36.95,36.4,36.95,5272442,193741203,1991,+0.70,30.661058525880623
20240322,37.05,37.35,36.55,36.85,4570671,168698388,2981,-0.10,30.578078665188116
20240325,37.0,37.75,36.85,37.0,4207019,156747871,2530,+0.15,30.702548456226875
20240326,37.05,37.5,36.65,37.05,3379297,125610622,2140,+0.05,30.744038386573127
20240327,37.0,38.2,37.0,38.1,5575961,210475271,3240,+1.05,31.615326923844435
20240328,38.1,38.1,37.5,37.7,3498729,132190328,3157,-0.40,31.283407481074416
20240329,37.6,38.45,37.45,37.9,3183992,120599112,2175,+0.20,31.449367202459413
20240401,37.9,38.4,37.6,38.3,3620786,138020772,2178,+0.40,31.78128664522944
20240402,38.25,38.8,38.2,38.55,4157871,160157754,2085,+0.25,31.988736296960695
20240403,38.9,39.9,38.85,39.75,8057034,318990663,3902,+1.20,32.98449462527076
20240408,40.1,42.45,40.05,41.3,12486723,514341157,7445,+1.55,34.27068246600459
20240409,40.9,41.6,40.25,41.35,7666910,314010592,4534,+0.05,34.312172396350846
20240410,41.1,42.25,40.4,41.6,9499134,392518375,4973,+0.25,34.51962204808211
20240411,42.0,42.45,41.3,41.7,5485511,229249062,3923,+0.10,34.602601908774616
20240412,41.35,43.5,41.2,43.4,10149312,432815852,5029,+1.70,36.013259540547196
20240415,43.4,43.4,42.1,42.65,7314384,313240250,4968,-0.75,35.39091058535341
20240416,42.45,42.7,41.4,41.7,9643038,404601468,4571,-0.95,34.602601908774616
20240417,42.4,45.85,42.4,45.85,19191933,868514633,8138,+4.15,38.046266127513576
20240418,46.0,48.95,45.25,48.05,33624807,1598338077,20332,+2.20,39.87182306274868
20240419,47.5,48.75,45.45,48.25,26761987,1271072148,14749,+0.20,40.0377827841337
20240422,48.4,49.75,46.1,47.0,29161112,1393947538,14556,-1.25,39.000534525477384
20240423,47.55,48.25,45.15,46.65,19501020,906557692,10320,-0.35,38.710105013053614
20240424,47.3,47.4,43.65,43.9,25372932,1138642417,13763,-2.75,36.42815884400972
20240425,44.35,48.25,44.35,47.25,36650205,1726212584,15907,+3.35,39.207984177208644
20240426,46.8,47.85,46.25,46.95,16594012,779576484,9837,-0.30,38.959044595131125
20240429,47.5,49.5,46.3,49.15,23486079,1137538008,13033,+2.20,40.78460153036624
20240430,49.0,49.05,46.9,48.05,15935584,763879339,9661,-1.10,39.87182306274868
20240502,48.3,51.8,48.25,50.8,28330382,1433285504,15435,+2.75,42.15376923179257
20240503,50.7,51.1,49.1,49.4,16632716,827012577,10545,-1.40,40.992051182097505
20240506,49.45,49.75,47.55,49.45,16701505,811400059,9340,+0.05,41.03354111244376
20240507,48.75,49.35,46.45,47.25,18771815,893311188,10701,-2.20,39.207984177208644
20240508,47.6,47.6,45.5,45.9,12541421,579158510,7404,-1.35,38.08775605785982
20240509,45.9,47.3,45.0,45.0,9177215,421423322,5452,-0.90,37.34093731162727
20240510,45.4,47.2,45.0,46.75,11571514,538695662,7190,+1.75,38.793084873746125
20240513,46.9,47.5,45.8,46.5,7426159,347745396,5048,-0.25,38.58563522201486
20240514,46.35,46.95,45.1,45.55,7453373,339882654,4912,-0.95,37.79732654543606
20240515,45.9,46.1,45.05,45.55,6395726,290814319,3583, 0.00,37.79732654543606
20240516,46.0,48.85,45.95,48.55,21378523,1021722874,10661,+3.00,40.2867223662112
20240517,48.8,50.2,48.0,50.2,19446664,960845244,11393,+1.65,41.65589006763755
20240520,50.9,51.2,48.3,49.8,24867137,1238274119,13593,-0.40,41.32397062486752
20240521,50.0,50.1,47.5,47.5,16988076,819090156,10229,-2.30,39.4154338289399
20240522,47.75,47.8,44.95,45.45,23627813,1082684991,12081,-2.05,37.71434668474356
20240523,45.25,45.55,44.1,44.8,19548861,874308630,8692,-0.65,37.17497759024227
20240524,44.45,47.0,44.35,47.0,15349270,711562512,7102,+2.20,39.000534525477384
20240527,46.9,47.85,45.9,47.85,13203674,624802640,8198,+0.85,39.705863341363674
20240528,47.7,48.35,47.1,47.95,9141808,437851414,6186,+0.10,39.788843202056185
20240529,48.1,48.9,46.3,47.45,16437473,786322231,9504,-0.50,39.37394389859366
20240530,47.45,48.65,46.85,46.9,14700897,700074603,7443,-0.55,38.91755466478487
20240531,47.6,48.1,46.65,46.65,17796251,840865744,8388,-0.25,38.710105013053614
20240603,46.9,47.05,45.35,46.1,17130319,789455704,9089,-0.55,38.25371577924484
20240604,46.5,47.0,45.15,46.1,15656356,719908499,7584, 0.00,38.25371577924484
20240605,46.25,46.45,45.4,45.85,12877070,591658581,6271,-0.25,38.046266127513576
20240606,45.9,47.2,45.5,47.15,12259032,570674504,6427,+1.30,39.12500431651614
20240607,47.1,48.4,47.0,47.6,14892552,713009988,7297,+0.45,39.49841368963241
20240611,48.05,48.45,47.15,47.5,14639677,701837518,7174,-0.10,39.4154338289399
20240612,48.05,48.3,47.15,47.85,13821865,662097637,7760,+0.35,39.705863341363674
20240613,48.1,49.45,47.7,48.0,10360768,503329546,6603,+0.15,39.83033313240243
20240614,47.5,49.0,47.45,48.0,7563914,364273919,4407, 0.00,39.83033313240243
20240617,48.5,49.3,48.45,48.45,8007101,391372914,4777,+0.45,40.20374250551871
20240618,49.0,49.35,48.7,48.75,6055596,296537321,4223,+0.30,40.45268208759622
20240619,49.15,49.2,48.5,48.6,5344665,261102462,4071,-0.15,40.32821229655747
20240620,48.6,49.05,48.3,48.35,6188047,301303860,3441,-0.25,40.1207626448262
20240621,48.9,49.2,46.7,46.7,16045124,762972673,7222,-1.65,38.751594943399866
20240624,46.7,47.45,46.4,46.55,16487994,770263667,5863,-0.15,38.6271251523611
20240625,42.4,45.4,41.8,45.4,19967359,879887325,6392,X0.00,39.452676758542054
20240626,45.8,46.35,45.15,45.4,6903278,315876507,3079, 0.00,39.452676758542054
20240627,45.45,46.15,44.75,44.75,9523745,430291556,3551,-0.65,38.887825659576144
20240628,44.8,44.95,43.1,43.1,11812819,515784480,6904,-1.65,37.45397286989345
20240701,43.35,45.6,43.3,45.25,12566253,564486241,5947,+2.15,39.32232650493454
20240702,45.65,45.65,44.65,45.25,4731003,213805625,2959, 0.00,39.32232650493454
20240703,45.3,47.2,44.55,46.0,22042124,1022884574,10769,+0.75,39.97407777297212
20240704,46.25,46.45,45.55,45.6,4331367,198663103,3640,-0.40,39.62647709668541
20240705,46.0,46.35,45.3,45.35,1976320,90176340,1213,-0.25,39.40922667400622
20240708,45.4,45.4,44.4,44.9,3891967,174281976,2313,-0.45,39.01817591318366
20240709,45.1,45.1,43.75,43.75,4589790,202265488,2688,-1.15,38.01882396885936
20240710,43.9,44.6,43.4,44.3,6369215,279496278,2907,+0.55,38.496774898753586
20240711,44.6,44.6,43.5,44.2,5289174,232173019,2985,-0.10,38.40987472968192
20240712,43.95,44.65,43.6,44.5,2671794,118092111,1846,+0.30,38.670575236896944
20240715,44.6,47.0,44.0,46.0,7895252,360756959,4309,+1.50,39.97407777297212
20240716,46.15,47.65,45.95,46.95,9612747,449351259,5350,+0.95,40.799629379153075
20240717,47.2,48.3,47.05,48.0,11180144,534700444,5357,+1.05,41.7120811544057
20240718,47.5,48.65,46.9,48.0,13084257,624777665,7392, 0.00,41.7120811544057
20240719,48.0,48.2,46.9,47.65,10000637,476733498,5783,-0.35,41.40793056265482
20240722,48.2,48.5,46.9,48.05,12267098,587944400,6418,+0.40,41.755531238941536
20240723,48.55,52.1,48.55,52.0,18847133,964669883,11260,+3.95,45.18808791727284
20240726,50.6,51.4,48.2,51.3,12601063,633208493,11707,-0.70,44.57978673377109
20240729,51.5,52.3,50.3,51.6,8825254,454029681,6413,+0.30,44.84048724098612
20240730,51.4,51.8,50.5,51.7,6132359,314400405,4594,+0.10,44.92738741005781
20240731,51.9,52.9,50.7,52.6,8796867,457086643,5659,+0.90,45.70948893170291
20240801,52.8,53.2,51.1,52.0,7305352,381155286,6248,-0.60,45.18808791727284
20240802,51.0,51.6,49.9,50.7,7366442,373598008,5829,-1.30,44.05838571934102
20240805,49.8,49.8,45.8,46.75,8535702,402319570,6901,-3.95,40.625829041009716
20240806,47.25,48.2,44.35,46.4,8012515,370141552,5153,-0.35,40.32167844925884
20240807,46.4,49.8,45.9,48.65,7219630,350592406,4223,+2.25,42.276932253371605
20240808,48.4,48.5,47.6,47.7,3042184,145860719,2380,-0.95,41.45138064719066
20240809,48.5,50.4,48.3,49.95,6178259,306661467,3609,+2.25,43.40663445130343
20240812,50.0,50.5,49.2,49.4,4558356,226751322,3577,-0.55,42.9286835214092
20240813,50.1,50.1,48.35,49.8,5784478,284396173,3602,+0.40,43.27628419769591
20240814,50.4,52.0,49.75,51.9,7353123,375949052,4368,+2.10,45.10118774820116
20240815,52.0,52.6,50.0,50.2,7565906,387001618,6123,-1.70,43.623884873982625
20240816,50.5,51.5,50.3,50.7,4407984,224408134,2972,+0.50,44.05838571934102
20240819,50.9,51.4,50.3,51.0,2893941,147290760,1882,+0.30,44.31908622655605
20240820,51.1,51.4,49.55,51.4,5955348,301914740,3407,+0.40,44.66668690284276
20240821,51.7,51.7,50.3,50.7,3313944,167925150,2226,-0.70,44.05838571934102
20240822,50.7,50.7,49.1,50.2,5353996,266919478,3002,-0.50,43.623884873982625
20240823,50.0,50.8,49.3,50.8,4204365,211561802,1997,+0.60,44.145285888412694
20240826,50.5,51.6,50.4,51.6,3588505,183711959,2236,+0.80,44.84048724098612
20240827,51.2,52.3,51.0,52.2,5355523,277991199,3356,+0.60,45.3618882554162
20240828,52.2,54.7,52.2,53.1,6682319,357574543,5364,+0.90,46.14398977706131
20240829,53.0,54.2,52.5,53.9,4289046,229835040,2956,+0.80,46.83919112963473
20240830,54.3,55.7,53.9,54.8,6306738,345134486,4522,+0.90,47.62129265127984
20240902,55.5,57.0,55.3,56.4,6182263,347004538,3894,+1.60,49.01169535642669
20240903,57.0,57.2,55.5,55.9,5674327,318560471,4360,-0.50,48.5771945110683
20240904,54.2,56.8,53.0,55.7,9307435,519294484,5214,-0.20,48.40339417292495
20240905,56.1,57.5,56.0,56.4,5819464,329394204,3604,+0.70,49.01169535642669
20240906,56.4,56.6,55.0,56.0,5822420,324114175,4559,-0.40,48.66409468013998
20240909,54.8,56.4,54.8,55.5,5711077,317597016,2891,-0.50,48.22959383478158
20240910,56.4,56.7,55.4,56.4,4625296,259836542,3102,+0.90,49.01169535642669
20240911,56.0,56.5,53.8,54.8,5268001,289723392,5606,-1.60,47.62129265127984
20240912,56.0,56.0,54.1,54.7,4209772,229853938,3845,-0.10,47.53439248220816
20240913,54.3,55.1,54.0,54.8,4858600,264713752,3406,+0.10,47.62129265127984
20240916,55.3,56.3,55.0,56.3,4253073,238012457,2323,+1.50,48.92479518735501
20240918,56.3,58.4,55.9,56.5,8355887,477145855,5937,+0.20,49.09859552549837
20240919,56.5,57.0,53.4,53.4,8943295,486343560,11075,-3.10,46.404690284276334
20240920,52.7,52.8,49.0,49.85,14529747,730966174,8188,-3.55,43.31973428223175
20240923,50.7,52.3,50.5,52.3,10479712,541577848,6713,+2.45,45.44878842448787
20240924,52.3,52.4,50.7,51.4,5843813,300179862,5134,-0.90,44.66668690284276
20240925,51.9,52.2,51.3,52.1,4336209,224808266,2972,+0.70,45.27498808634452
20240926,52.4,52.4,51.4,52.4,4405744,229187017,2735,+0.30,45.53568859355955
20240927,52.4,52.5,51.7,52.4,3924131,204695330,2877, 0.00,45.53568859355955
20240930,52.4,52.4,51.3,52.3,4515545,234625334,2509,-0.10,45.44878842448787
20241001,51.7,52.2,50.5,50.8,6450130,328410823,3931,-1.50,44.145285888412694
20241004,50.8,50.9,49.4,50.3,7315988,367079183,4591,-0.50,43.7107850430543
20241007,50.7,50.8,49.7,50.0,3508257,175461361,2654,-0.30,43.45008453583927
20241008,50.0,50.2,49.3,50.1,2400029,119673004,2023,+0.10,43.53698470491094
20241009,50.2,50.6,49.6,50.6,3048302,153190629,2256,+0.50,43.97148555026934
20241011,50.2,50.4,49.35,50.0,3749297,186513162,2673,-0.60,43.45008453583927
20241014,49.6,50.9,49.6,50.9,2457552,123712926,1792,+0.90,44.23218605748437
20241015,50.6,51.6,49.9,51.6,3728659,190273651,3417,+0.70,44.84048724098612
20241016,51.0,52.6,50.7,52.6,5639977,293856751,3836,+1.00,45.70948893170291
20241017,52.1,53.7,51.9,53.2,4376510,233160347,3082,+0.60,46.23088994613298
20241018,53.2,54.4,53.2,53.3,3398057,182455072,2837,+0.10,46.31779011520466
20241021,53.3,54.0,52.9,53.8,2766149,148294481,2385,+0.50,46.752290960563045
20241022,53.5,54.3,53.5,53.8,1869756,100944880,1276, 0.00,46.752290960563045
20241023,53.6,54.5,53.5,54.4,2039202,110521563,1654,+0.60,47.27369197499313
20241024,54.1,54.5,53.4,54.0,1577677,85020979,1257,-0.40,46.9260912987064
20241025,53.6,54.0,52.7,52.7,2170276,115537487,2460,-1.30,45.79638910077459
20241028,52.5,53.0,51.9,52.3,1738092,90935901,1429,-0.40,45.44878842448787
20241029,52.1,54.0,51.7,54.0,3875330,206130102,2307,+1.70,46.9260912987064
20241030,53.8,54.0,52.6,53.6,3869059,206063516,3140,-0.40,46.57849062241969
20241101,52.8,57.0,52.8,56.8,12619430,704978411,7188,+3.20,49.3592960327134
20241104,56.7,57.0,55.3,56.8,3718833,209370207,3270, 0.00,49.3592960327134
20241105,56.2,56.8,55.8,56.3,3117840,175430489,3499,-0.50,48.92479518735501
20241106,55.9,56.2,54.5,55.3,3975143,219489612,5473,-1.00,48.05579349663822
20241107,54.7,55.2,54.0,54.6,3017492,164556262,4264,-0.70,47.447492313136486
20241108,54.6,55.2,54.2,55.0,1887326,103503375,1715,+0.40,47.795092989423196
20241111,55.4,55.8,54.5,55.8,3106413,171818531,2044,+0.80,48.49029434199662
20241112,54.9,55.2,54.1,54.5,3472444,189491994,2077,-1.30,47.3605921440648
20241113,54.0,54.3,51.5,54.3,8570384,455054165,5734,-0.20,47.186791805921445
20241114,53.5,55.5,52.3,55.5,6007636,324358290,4644,+1.20,48.22959383478158
20241115,54.9,56.0,53.8,55.8,5510720,303867256,4856,+0.30,48.49029434199662
20241118,55.3,55.6,54.6,55.4,3888900,214587110,2694,-0.40,48.142693665709906
20241119,55.0,55.7,54.0,55.7,4387613,242034736,2820,+0.30,48.40339417292495
20241120,55.2,55.4,54.4,54.4,3552040,194623675,2399,-1.30,47.27369197499313
20241121,54.2,54.9,53.8,54.3,4430386,240761712,2790,-0.10,47.186791805921445
20241122,54.6,54.6,52.4,52.4,4063409,215912159,3001,-1.90,45.53568859355955
20241125,52.7,54.1,52.4,54.1,2816490,150492416,1741,+1.70,47.012991467778086
20241126,53.7,54.7,53.1,54.1,2424386,130929081,2104, 0.00,47.012991467778086
20241127,53.5,54.2,52.8,53.2,2498285,133324662,1802,-0.90,46.23088994613298
20241128,53.1,55.0,53.1,55.0,5533176,301077091,3285,+1.80,47.795092989423196
20241129,54.5,55.0,53.8,54.0,4087864,222066039,3027,-1.00,46.9260912987064
20241202,54.2,54.8,53.3,53.3,3659880,196651129,2699,-0.70,46.31779011520466
20241203,53.4,53.7,52.7,53.0,3851092,204673599,2776,-0.30,46.057089607989624
20241204,53.3,53.4,52.0,52.5,4031996,212065195,2698,-0.50,45.62258876263123
20241205,52.5,52.6,51.6,52.2,3155798,164174739,2290,-0.30,45.3618882554162
20241206,52.3,53.3,51.5,53.3,4164113,218276887,2817,+1.10,46.31779011520466
20241209,53.0,53.4,52.4,53.4,2942829,156128405,2078,+0.10,46.404690284276334
20241210,53.4,53.6,52.6,53.5,2765892,147567496,1792,+0.10,46.49159045334802
20241211,53.3,53.6,52.8,53.5,2434157,129691453,1585, 0.00,46.49159045334802
20241212,53.4,53.7,53.1,53.3,1616523,86308061,1172,-0.20,46.31779011520466
20241213,52.9,53.0,51.7,52.0,4864086,253604282,2812,-1.30,45.18808791727284
20241216,52.2,52.8,51.3,51.4,4534359,234058443,2084,-0.60,44.66668690284276
20241217,51.5,51.8,50.0,51.4,10089667,514151031,4656, 0.00,44.66668690284276
20241218,50.8,51.8,50.5,51.1,7047051,361012040,3235,-0.30,44.40598639562773
20241219,50.3,51.4,50.3,50.5,6616103,335805940,3332,-0.60,43.88458538119766
20241220,50.6,52.1,49.8,49.8,8723228,440411409,3395,-0.70,43.27628419769591
20241223,50.2,51.2,50.0,50.0,7100864,357621012,3225,+0.20,43.45008453583927
20241224,50.4,50.5,48.5,48.5,7641349,374810304,4546,-1.50,42.14658199976409
20241225,48.75,49.0,47.7,47.85,5727951,275376374,3807,-0.65,41.581730900798185
20241226,48.1,48.25,46.65,47.2,6115496,288404213,4228,-0.65,41.01687980183227
20241227,47.2,47.45,46.45,46.65,3447271,161054480,2478,-0.55,40.53892887193804
20241230,46.7,50.6,46.7,50.3,10339610,513290771,6348,+3.65,43.7107850430543
20241231,49.85,50.1,48.7,49.5,8067915,398430822,4642,-0.80,43.015583690480874
20250102,49.4,52.5,48.25,52.5,21724280,1114283675,8769,+3.00,45.62258876263123
20250103,51.3,51.5,47.3,47.3,16014980,776519079,10692,-5.20,41.10377997090394
20250106,47.4,47.55,44.0,44.0,15986429,721449061,9644,-3.30,38.23607439153856
20250107,44.05,44.55,42.9,43.5,12404991,539577378,6345,-0.50,37.80157354618016
20250108,43.8,44.1,42.55,43.45,12413521,534914426,7668,-0.05,37.758123461644324
20250109,43.7,44.6,43.7,43.8,3831217,168956177,2415,+0.35,38.0622740533952
20250110,43.8,44.35,43.7,43.7,2621547,115155764,1574,-0.10,37.97537388432352
20250113,43.25,43.5,42.7,42.85,3092158,133012730,1909,-0.85,37.236722447214255
20250114,42.95,43.65,42.9,43.5,1803533,78226915,1135,+0.65,37.80157354618016
20250115,43.3,43.75,42.9,42.9,2151607,93019182,1471,-0.60,37.28017253175009
20250116,43.35,43.8,43.1,43.55,2568299,111589114,1501,+0.65,37.845023630716
20250117,43.55,44.1,43.4,44.1,1277282,56031032,1019,+0.55,38.322974560610234
20250120,44.1,44.45,43.9,44.3,1055012,46659415,813,+0.20,38.496774898753586
20250121,44.55,44.55,43.75,44.3,1171074,51711992,851, 0.00,38.496774898753586
20250122,44.35,44.7,43.95,44.4,2059801,91339782,1302,+0.10,38.58367506782527
20250203,43.5,44.55,43.2,44.15,2300169,101223981,1421,-0.25,38.366424645146076
20250204,44.15,44.55,43.55,43.65,1300254,56984296,985,-0.50,37.931923799787675
20250205,44.05,44.1,43.65,43.65,1951986,85451604,1449, 0.00,37.931923799787675
20250206,43.9,44.3,43.6,43.8,2134061,93699620,1429,+0.15,38.0622740533952
20250207,43.8,43.9,43.3,43.4,1412844,61569405,1014,-0.40,37.71467337710848
20250210,43.25,43.45,42.6,42.6,2068496,88919254,1779,-0.80,37.01947202453506
20250211,42.7,43.3,42.15,42.2,1776418,75315278,1642,-0.40,36.671871348248345
20250212,42.2,42.6,42.2,42.3,895300,37934580,704,+0.10,36.758771517320014
20250213,42.5,43.1,42.05,42.05,3769801,159827003,2540,-0.25,36.54152109464082
20250214,42.1,42.45,41.95,41.95,2439943,102742425,1842,-0.10,36.454620925569145
20250217,42.3,42.65,42.15,42.2,2159703,91402896,1604,+0.25,36.671871348248345
20250218,42.3,42.35,41.95,41.95,2375531,99886533,1625,-0.25,36.454620925569145
20250219,42.1,42.6,41.85,41.85,4891333,205761469,2420,-0.10,36.36772075649747
20250220,42.0,42.45,41.95,42.1,2312745,97556226,1576,+0.25,36.58497117917666
20250221,42.15,43.2,42.15,43.2,3565411,152928293,2332,+1.10,37.54087303896513
20250224,43.2,43.5,43.0,43.2,2361839,102171817,1564, 0.00,37.54087303896513
20250225,43.15,43.35,42.9,42.95,2635363,113607409,1619,-0.25,37.32362261628593
20250226,43.0,43.3,42.95,43.05,1743474,75208502,1278,+0.10,37.41052278535761
20250227,43.3,43.85,43.1,43.2,3080238,133588762,1795,+0.15,37.54087303896513
20250303,44.4,45.25,43.5,43.8,6936713,306435899,4382,+0.60,38.0622740533952
20250304,43.65,44.35,43.3,44.15,3290919,144650974,1883,+0.35,38.366424645146076
20250305,44.3,45.4,44.05,45.1,3555855,159639502,2459,+0.95,39.19197625132702
20250306,45.2,45.5,44.95,45.4,2720892,123001188,2094,+0.30,39.452676758542054
20250307,44.4,44.65,43.4,43.75,9528883,418128342,4719,-1.65,38.01882396885936
20250310,43.75,44.2,42.65,42.75,5915949,254584915,3760,-1.00,37.14982227814257
20250311,42.0,42.75,41.85,42.15,5529685,233715263,2525,-0.60,36.6284212637125
20250312,42.4,42.85,42.25,42.25,3858617,164019433,2464,+0.10,36.71532143278418
20250313,42.5,43.05,42.0,42.0,3444379,146497978,1971,-0.25,36.49807101010499
20250314,42.25,42.5,42.0,42.25,3262254,137859010,2081,+0.25,36.71532143278418
20250317,42.5,43.15,42.5,42.6,1674431,71671434,1375,+0.35,37.01947202453506
20250318,43.1,43.2,42.75,42.75,3177339,136423982,2397,+0.15,37.14982227814257
20250319,43.0,43.5,42.8,43.15,3353110,145132251,2477,+0.40,37.49742295442929
20250320,43.3,43.55,43.15,43.25,1857914,80551675,1387,+0.10,37.584323123500965
20250321,43.3,43.8,43.2,43.3,2495310,108624683,1670,+0.05,37.6277732080368
20250324,43.9,44.8,43.6,43.6,5045884,222751582,3591,+0.30,37.88847371525184
20250325,44.0,44.0,43.2,43.2,2953316,128294077,1902,-0.40,37.54087303896513
20250326,43.25,43.45,43.2,43.25,1394710,60414964,1433,+0.05,37.584323123500965
20250327,43.1,43.25,42.45,42.75,3113889,133254781,2308,-0.50,37.14982227814257
20250328,42.6,42.8,41.65,42.15,4092287,172178152,2541,-0.60,36.6284212637125
20250331,41.2,42.4,40.6,40.75,5772602,236972356,3379,-1.40,35.411818896709
20250401,41.1,42.1,41.1,41.95,2631591,109722332,1829,+1.20,36.454620925569145
20250402,41.9,42.05,41.4,41.95,2026863,84595062,1283, 0.00,36.454620925569145
20250407,37.8,37.8,37.8,37.8,1690840,63913768,1035,-4.15,32.848263909094484
20250408,37.2,37.8,36.4,37.5,5175690,192755658,2801,-0.30,32.58756340187945
20250409,37.3,37.5,35.0,35.25,4488420,163520225,2658,-2.25,30.632309597766685
20250410,38.7,38.75,38.25,38.75,1628968,63062938,692,+3.50,33.673815515275436
20250411,38.0,39.5,37.6,39.4,2921048,112368028,1670,+0.65,34.23866661424134
20250414,39.6,40.9,39.6,40.15,2176221,87582367,1690,+0.75,34.89041788227893
20250415,40.15,40.95,40.1,40.65,1438068,58439998,1000,+0.50,35.324918727637325
20250416,40.25,41.0,40.15,40.15,1662362,67301023,1132,-0.50,34.89041788227893
20250417,39.85,40.15,39.25,39.25,2212005,87836918,2526,-0.90,34.10831636063382
20250418,39.25,39.65,39.05,39.1,2984513,117337310,1745,-0.15,33.97796610702631
20250421,39.1,39.35,38.65,38.85,2265432,88167816,1616,-0.25,33.76071568434711
20250422,38.65,38.85,37.7,38.2,2608213,100161013,2074,-0.65,33.1958645853812
20250423,38.7,39.7,38.7,39.55,2203913,86680235,1680,+1.35,34.369016867848856
20250424,39.35,39.8,39.35,39.55,1409377,55741427,1368, 0.00,34.369016867848856
20250425,40.15,40.2,39.5,39.5,1858037,73919220,1353,-0.05,34.32556678331302
20250428,39.75,40.3,39.55,39.6,2073432,82514585,1410,+0.10,34.4124669523847
20250429,39.65,40.0,39.5,40.0,2117027,84226322,1455,+0.40,34.760067628671415
20250430,39.9,40.15,39.25,39.25,2253483,89289329,1520,-0.75,34.10831636063382
20250502,39.7,41.2,39.45,40.95,3841515,155538386,2236,+1.70,35.58561923485236
20250505,42.0,43.45,41.45,42.6,8656368,368520251,5186,+1.65,37.01947202453506
20250506,42.15,42.5,41.6,42.05,4982600,209668542,3869,-0.55,36.54152109464082
20250507,42.2,43.25,41.55,42.75,6287573,267234313,3535,+0.70,37.14982227814257
20250508,43.05,43.65,42.65,43.2,4468467,192813857,2531,+0.45,37.54087303896513
20250509,43.15,43.55,43.0,43.4,2846318,123212025,1581,+0.20,37.71467337710848
20250512,43.5,43.65,43.0,43.1,2661006,114960479,1591,-0.30,37.45397286989345
20250513,43.3,43.3,42.45,42.55,2761921,118162363,2708,-0.55,36.976021939999214
20250514,42.4,43.2,42.35,43.2,1810794,77678236,1437,+0.65,37.54087303896513
20250515,43.05,43.45,43.0,43.1,2030570,87766921,1275,-0.10,37.45397286989345
20250516,43.2,44.75,43.2,44.2,5541637,245239738,3326,+1.10,38.40987472968192
20250519,44.2,44.9,44.0,44.0,6501808,287713246,3983,-0.20,38.23607439153856
20250520,44.0,44.35,43.35,43.55,7855919,343015156,5021,-0.45,37.845023630716
20250521,43.6,43.8,42.9,43.05,8439459,364322989,4650,-0.50,37.41052278535761
20250522,43.4,43.4,42.3,42.45,9663925,410832802,5056,-0.60,36.88912177092754
20250523,42.8,43.3,42.35,42.65,8888781,379892436,3005,+0.20,37.0629221090709
20250526,43.0,43.35,42.4,42.4,4330530,185156246,2869,-0.25,36.8456716863917
20250527,42.55,42.9,41.75,41.95,3487389,147035549,2418,-0.45,36.454620925569145
20250528,42.2,42.4,41.6,41.95,2832764,118627232,1948, 0.00,36.454620925569145
20250529,41.95,42.2,41.5,41.75,4054325,169008568,2248,-0.20,36.28082058742579
20250602,41.55,41.55,40.9,41.25,4878423,200904152,3095,-0.50,35.8463197420674
20250603,41.5,42.4,41.25,42.4,6579478,275738483,3410,+1.15,36.8456716863917
20250604,42.25,43.45,41.9,43.45,5365693,229744640,3091,+1.05,37.758123461644324
20250605,43.25,44.6,43.15,44.6,8747578,385194253,4177,+1.15,38.75747540596863
20250606,44.5,45.05,44.35,45.05,5785039,258972109,3134,+0.45,39.14852616679118
20250609,45.3,45.5,44.4,45.5,6426513,289721421,3946,+0.45,39.53957692761374
20250610,45.3,46.0,45.3,46.0,5835051,267196791,3491,+0.50,39.97407777297212
20250611,45.85,46.6,45.75,46.6,6153807,284698827,4027,+0.60,40.4954787874022
20250612,46.45,46.5,45.8,46.5,6409346,296419776,3782,-0.10,40.40857861833052
20250613,45.95,46.7,45.9,46.15,5769460,267675212,3700,-0.35,40.10442802657964
20250616,46.1,46.15,45.15,45.35,5192905,236344230,6162,-0.80,39.40922667400622
20250617,45.35,46.15,45.35,45.45,9035486,412382688,5452,+0.10,39.496126843077896
20250618,45.9,46.4,45.5,46.35,9608038,442734233,3695,+0.90,40.278228364723
20250619,46.45,46.45,45.8,45.85,8233857,378495819,2567,-0.50,39.843727519364606
20250620,45.85,45.85,44.4,45.05,16608529,748315716,4445,-0.80,39.14852616679118
20250623,44.95,45.05,43.4,43.85,9834001,432355232,5481,-1.20,38.10572413793104
20250624,39.6,40.05,39.4,39.4,21909838,873266597,9777,X0.00,36.57406896551724
20250625,39.6,40.1,38.7,40.1,9614041,379336596,5862,+0.70,37.223862068965516
20250626,39.7,39.85,39.15,39.3,9975182,392498663,5320,-0.80,36.48124137931034
20250627,39.6,40.3,38.8,40.3,8090024,320593098,4289,+1.00,37.409517241379305
20250630,40.0,40.05,38.6,39.15,20506162,801513706,9933,-1.15,36.342
20250701,39.15,39.55,37.85,38.55,25150555,969142609,10702,-0.60,35.78503448275862
20250702,38.65,39.15,38.55,39.0,4887317,190076391,2574,+0.45,36.20275862068966
20250703,38.7,39.15,38.7,39.0,5100244,198864275,2348, 0.00,36.20275862068966
20250704,39.0,39.15,38.4,38.5,3378942,130655426,2009,-0.50,35.73862068965517
20250707,38.5,39.2,38.35,38.8,3593291,139856062,1737,+0.30,36.01710344827586
20250708,38.8,39.4,38.75,39.25,5287401,207259120,2113,+0.45,36.43482758620689
20250709,39.2,39.95,39.2,39.5,3903094,154894341,2225,+0.25,36.666896551724136
20250710,39.5,39.7,39.35,39.5,2534452,100241304,1548, 0.00,36.666896551724136
20250711,39.75,39.95,39.5,39.55,2273109,90283170,1160,+0.05,36.71331034482758
20250714,39.7,39.7,39.0,39.0,1804228,70728397,1358,-0.55,36.20275862068966
20250715,39.0,39.45,39.0,39.1,1359128,53203940,884,+0.10,36.29558620689655
20250716,39.15,39.55,38.85,39.3,5916838,232396378,2717,+0.20,36.48124137931034
20250717,39.2,39.9,39.1,39.65,5780015,229088181,2719,+0.35,36.80613793103448
20250718,39.8,40.05,39.35,39.35,5117015,202443796,2730,-0.30,36.527655172413795
20250721,39.55,40.0,39.45,39.65,5239102,208297909,2898,+0.30,36.80613793103448
20250722,39.8,40.2,39.6,39.65,5511287,219665174,2938, 0.00,36.80613793103448
20250723,39.8,40.4,39.55,40.05,3728959,149093184,2372,+0.40,37.17744827586207
20250724,40.15,40.2,38.8,39.0,4886971,191601240,4249,-1.05,36.20275862068966
20250725,38.85,39.2,38.15,38.2,4187820,161154727,3091,-0.80,35.46013793103449
20250728,38.2,38.35,37.75,37.85,3159190,119880747,2455,-0.35,35.135241379310344
20250729,37.9,38.0,37.35,37.35,2667108,100221251,2331,-0.50,34.671103448275865
20250730,37.35,37.4,37.0,37.25,2308371,85944193,1832,-0.10,34.57827586206896
20250731,37.2,37.4,37.0,37.0,2141542,79460610,1599,-0.25,34.34620689655172
20250801,36.75,37.1,36.4,36.9,1709032,62963021,1249,-0.10,34.253379310344826
20250804,36.75,37.55,36.25,37.5,2478808,92017861,1596,+0.60,34.810344827586206
20250805,37.55,38.2,37.55,38.15,1760186,66851998,1505,+0.65,35.413724137931034
20250806,38.1,38.6,38.0,38.35,2042845,78450148,1756,+0.20,35.59937931034483
20250807,38.55,38.75,38.2,38.4,1938591,74597392,1331,+0.05,35.64579310344828
20250808,38.5,38.75,38.45,38.5,1439329,55531320,1118,+0.10,35.73862068965517
20250811,38.6,38.95,38.45,38.8,1637667,63484024,1044,+0.30,36.01710344827586
20250812,38.8,39.0,38.55,38.85,1540114,59836215,1020,+0.05,36.06351724137931
20250813,39.0,39.0,38.4,38.5,1540109,59541769,1943,-0.35,35.73862068965517
20250814,38.65,39.0,38.6,38.75,1944830,75491480,974,+0.25,35.970689655172414
20250815,38.85,38.85,38.35,38.5,1382842,53255819,1243,-0.25,35.73862068965517
20250818,38.45,38.65,38.1,38.25,1270291,48641468,1765,-0.25,35.50655172413793
20250819,38.1,38.2,37.75,38.05,1263231,47981131,963,-0.20,35.32089655172413
20250820,38.1,38.1,37.4,37.65,1828744,68856277,1314,-0.40,34.94958620689655
20250821,37.65,37.95,37.65,37.8,1297780,49095966,860,+0.15,35.0888275862069
20250822,37.65,37.95,37.6,37.95,697662,26370262,602,+0.15,35.228068965517245
20250825,38.0,38.15,37.85,38.05,754349,28631109,771,+0.10,35.32089655172413
20250826,38.0,38.0,37.1,37.1,2593608,96783608,2184,-0.95,34.43903448275862
20250827,37.0,37.5,37.0,37.3,1548389,57734265,1043,+0.20,34.62468965517241
20250828,37.2,37.8,37.2,37.75,1686158,63486094,1107,+0.45,35.04241379310345
20250829,37.8,37.8,37.2,37.3,1470573,54950172,1099,-0.45,34.62468965517241
20250901,37.15,37.4,36.75,36.75,1702153,62851335,1269,-0.55,34.114137931034485
20250902,36.9,36.95,36.3,36.6,1636915,59794717,1063,-0.15,33.974896551724136
20250903,36.4,36.65,36.25,36.55,1549784,56582789,1026,-0.05,33.92848275862069
20250904,36.55,38.15,36.55,37.85,3976204,149728651,2365,+1.30,35.135241379310344
20250905,38.1,38.35,37.05,37.05,2767040,103835739,2186,-0.80,34.39262068965517
20250908,37.0,37.1,36.6,36.85,1992073,73329675,1631,-0.20,34.20696551724138
20250909,36.85,37.05,36.7,36.9,1444745,53251902,1098,+0.05,34.253379310344826
20250910,36.85,36.85,36.45,36.45,2560298,93623866,1729,-0.45,33.835655172413794
20250911,36.7,36.7,35.55,35.55,3514778,126546952,2486,-0.90,33.000206896551724
20250912,35.55,35.9,35.55,35.8,1370729,49024214,1123,+0.25,33.23227586206896
20250915,35.8,35.9,35.55,35.7,1054394,37641998,960,-0.10,33.13944827586207
20250916,35.7,36.05,35.55,35.8,1110676,39789460,890,+0.10,33.23227586206896
20250917,35.85,36.1,35.75,35.8,1041371,37372385,802, 0.00,33.23227586206896
20250918,36.0,36.35,35.8,35.95,1518285,54652408,1023,+0.15,33.371517241379316
20250919,35.95,36.35,35.7,36.35,1640894,59336247,867,+0.40,33.7428275862069
20250922,36.35,36.5,36.1,36.1,1252395,45415910,940,-0.25,33.51075862068966
20250923,36.1,36.25,35.65,35.9,1668181,59733519,1273,-0.20,33.32510344827586
20250924,35.85,36.25,35.85,35.95,1051634,37880971,818,+0.05,33.371517241379316
20250925,36.1,37.15,36.1,36.9,3554086,131194387,2440,+0.95,34.253379310344826
20250926,37.1,37.1,36.05,36.1,2364882,86035231,2545,-0.80,33.51075862068966
20250930,36.5,36.6,36.2,36.35,800326,29127421,653,+0.25,33.7428275862069
20251001,36.35,36.75,36.1,36.4,1170809,42625300,946,+0.05,33.78924137931034
20251002,36.4,36.45,35.8,35.85,1402910,50476916,1116,-0.55,33.278689655172414
20251003,36.0,36.0,35.2,35.3,2303269,81688717,1907,-0.55,32.76813793103448
20251007,35.45,35.45,34.9,34.9,2545306,89194639,2002,-0.40,32.396827586206896
20251008,34.8,34.8,34.25,34.4,3533224,121749082,2169,-0.50,31.93268965517241
20251009,34.4,34.6,33.9,34.35,3955983,135417481,2439,-0.05,31.886275862068967
20251013,33.7,34.4,33.5,34.35,2779543,94708682,2059, 0.00,31.886275862068967
20251014,34.35,34.65,33.75,33.8,3973585,135749646,2390,-0.55,31.37572413793103
20251015,33.8,34.0,33.6,33.7,9099535,306901322,1888,-0.10,31.28289655172414
20251016,33.85,34.25,33.85,34.2,1945181,66235740,1019,+0.50,31.74703448275862
20251017,34.15,34.6,33.95,33.95,2870321,98284228,1543,-0.25,31.514965517241382
20251020,33.85,33.9,33.5,33.75,3380279,113882115,2195,-0.20,31.329310344827586
20251021,33.95,35.4,33.95,35.35,5540162,193797018,2587,+1.60,32.814551724137935
20251022,35.35,36.0,35.3,35.85,2415007,86353366,1558,+0.50,33.278689655172414
20251023,35.7,36.3,35.7,35.95,1527522,55078007,1050,+0.10,33.371517241379316
20251027,36.3,36.4,35.5,35.55,1888789,67415510,2603,-0.40,33.000206896551724
20251028,35.6,35.9,35.25,35.8,2271725,80746898,1294,+0.25,33.23227586206896
20251029,35.7,36.45,35.6,36.1,2411548,87212113,1418,+0.30,33.51075862068966
20251030,36.1,36.4,36.05,36.1,1673481,60525357,1467, 0.00,33.51075862068966
20251031,36.3,36.55,35.95,36.2,2351087,85287831,1453,+0.10,33.60358620689655
20251103,36.45,37.15,36.25,36.45,1974548,72478782,1463,+0.25,33.835655172413794
20251104,36.4,36.65,35.65,35.8,1917585,69036113,1891,-0.65,33.23227586206896
20251105,35.6,35.85,35.45,35.7,1201594,42799484,1058,-0.10,33.13944827586207
20251106,35.9,36.7,35.7,36.7,1470070,53352024,1373,+1.00,34.06772413793104
20251107,36.6,36.8,36.3,36.75,1382206,50630203,983,+0.05,34.114137931034485
20251110,36.9,37.25,36.4,36.4,1088101,39957027,1323,-0.35,33.78924137931034
20251111,36.45,36.75,35.8,35.8,1770855,63868247,1943,-0.60,33.23227586206896
20251112,36.2,36.9,35.9,36.3,2732272,98964493,1956,+0.50,33.696413793103446
20251113,36.4,36.4,35.95,36.15,1589403,57448349,1922,-0.15,33.557172413793104
20251114,36.0,36.3,35.7,35.8,1836678,66072309,1744,-0.35,33.23227586206896
20251117,35.8,35.8,34.8,35.0,2958283,103936567,2393,-0.80,32.48965517241379
20251118,34.85,35.1,34.5,34.5,1552675,53847918,1169,-0.50,32.02551724137931
20251119,34.75,34.95,34.55,34.75,1307473,45439645,976,+0.25,32.257586206896555
20251120,34.95,35.35,34.65,35.35,1785273,62623732,1213,+0.60,32.814551724137935
20251121,35.3,35.65,34.9,35.3,1790421,62971881,1407,-0.05,32.76813793103448
20251124,35.55,35.6,34.9,35.3,1920642,67537221,1254, 0.00,32.76813793103448
20251125,35.3,35.4,34.7,34.8,2655400,92571320,1789,-0.50,32.303999999999995
20251126,35.1,35.85,35.0,35.65,2576139,91599502,1628,+0.85,33.09303448275862
20251127,35.7,35.7,35.25,35.4,1200567,42535220,1217,-0.25,32.860965517241375
20251128,35.35,35.75,35.3,35.55,1373143,48894015,723,+0.15,33.000206896551724
20251201,35.45,35.55,34.9,35.05,2478140,87054398,1524,-0.50,32.53606896551724
20251202,35.25,35.5,34.7,35.45,1782114,62610436,1180,+0.40,32.90737931034483
20251203,35.4,35.6,35.2,35.5,1174567,41587186,1086,+0.05,32.95379310344828
20251204,35.5,35.65,35.15,35.3,2154440,76002841,1419,-0.20,32.76813793103448
20251205,35.2,35.3,34.7,35.3,1730538,60559675,1226, 0.00,32.76813793103448
20251208,35.25,35.25,34.75,35.0,1749788,61086462,1437,-0.30,32.48965517241379
20251209,34.9,35.25,34.8,35.05,1292493,45251870,905,+0.05,32.53606896551724
20251210,35.1,35.85,35.1,35.45,2327066,82696214,1552,+0.40,32.90737931034483
20251211,35.6,35.6,35.3,35.5,1044278,37054756,1076,+0.05,32.95379310344828
20251212,35.65,36.1,35.6,35.65,1587379,56881215,1098,+0.15,33.09303448275862
20251215,35.45,36.1,35.4,35.75,1764902,63282755,1570,+0.10,33.18586206896552
20251216,35.7,36.35,35.7,36.35,5241939,189053111,3172,+0.60,33.7428275862069
20251217,36.35,36.6,36.3,36.45,4931975,179908828,2992,+0.10,33.835655172413794
20251218,36.45,36.55,35.7,36.2,6161519,222285666,3789,-0.25,33.60358620689655
20251219,36.0,36.75,36.0,36.75,7351888,268136809,2657,+0.55,34.114137931034485
20251222,37.1,37.35,36.6,37.25,8327971,309080869,3561,+0.50,34.57827586206896
20251223,37.5,38.7,37.5,38.05,11382068,433074710,6170,+0.80,35.32089655172413
20251224,38.1,38.8,38.1,38.5,9173212,352856555,2964,+0.45,35.73862068965517
20251226,38.7,38.9,37.05,37.6,10919712,412261873,9071,-0.90,34.90317241379311
20251229,37.55,37.85,37.3,37.3,4035922,151243433,1797,-0.30,34.62468965517241
20251230,37.3,37.35,36.65,37.3,2387271,88279341,2426, 0.00,34.62468965517241
20251231,37.3,37.9,36.8,37.9,5553945,208116206,2634,+0.60,35.18165517241379
20260102,37.8,37.95,37.15,37.8,4619827,173947365,2872,-0.10,35.0888275862069
20260105,37.7,37.7,36.9,37.2,5163560,192638780,2800,-0.60,34.531862068965516
20260106,37.45,37.45,36.9,37.1,2985506,110956855,1967,-0.10,34.43903448275862
20260107,37.3,37.8,37.05,37.65,2999317,112741951,1763,+0.55,34.94958620689655
20260108,37.65,37.95,36.8,36.85,2581875,95862256,2164,-0.80,34.20696551724138
20260109,37.1,37.4,36.9,37.35,1492275,55540549,881,+0.50,34.671103448275865
20260112,37.5,38.0,37.45,38.0,2456623,92851240,1372,+0.65,35.27448275862069
20260113,38.1,38.1,37.45,37.6,1848702,69579861,1441,-0.40,34.90317241379311
20260114,37.7,38.25,37.5,38.2,4253582,161596525,1929,+0.60,35.46013793103449
20260115,38.3,38.4,37.9,38.3,2642701,100746758,1700,+0.10,35.552965517241375
20260116,38.35,38.35,37.65,37.65,1936040,73416484,1186,-0.65,34.94958620689655
20260119,37.6,38.3,37.45,37.7,1476183,55932823,889,+0.05,34.996
20260120,37.55,37.85,36.7,36.9,3402643,126044678,2491,-0.80,34.253379310344826
20260121,37.05,37.05,36.4,36.65,2015163,73712205,1317,-0.25,34.02131034482758
20260122,36.65,36.85,36.35,36.35,1779161,64865503,1187,-0.30,33.7428275862069
20260123,36.3,36.5,35.9,35.9,2220977,80226491,1412,-0.45,33.32510344827586
20260126,36.0,36.35,35.9,36.2,1073381,38833690,763,+0.30,33.60358620689655
20260127,36.4,36.65,35.7,35.75,2114881,76084860,1485,-0.45,33.18586206896552
20260128,36.05,36.05,35.6,35.65,1325959,47332616,992,-0.10,33.09303448275862
20260129,35.8,35.9,35.5,35.65,1333605,47625877,833, 0.00,33.09303448275862
20260130,35.75,35.75,35.1,35.25,2024497,71379895,1351,-0.40,32.721724137931034
20260202,35.25,35.25,34.8,35.15,1130609,39555550,883,-0.10,32.62889655172414
20260203,35.1,35.3,35.0,35.15,1017264,35787833,764, 0.00,32.62889655172414
20260204,35.3,35.6,35.1,35.45,912904,32325463,576,+0.30,32.90737931034483
20260205,35.5,35.85,35.25,35.25,951987,33759360,949,-0.20,32.721724137931034
20260206,35.2,35.4,34.9,35.2,1223298,43051678,793,-0.05,32.67531034482759
20260209,35.35,35.65,35.2,35.2,812597,28711579,595, 0.00,32.67531034482759
20260210,35.45,36.05,35.35,35.95,1072537,38343417,716,+0.75,33.371517241379316
20260211,35.9,36.55,35.85,36.35,1382162,50110866,1072,+0.40,33.7428275862069
20260223,36.7,37.05,36.5,36.8,2866250,105557654,1939,+0.45,34.160551724137925
20260224,36.8,37.15,36.65,36.8,1485269,54709400,1152, 0.00,34.160551724137925
20260225,37.0,37.1,36.7,36.8,1950808,72029377,1424, 0.00,34.160551724137925
20260226,36.9,37.3,36.9,37.1,2569493,95413064,1687,+0.30,34.43903448275862
20260302,37.5,40.1,37.5,39.65,9017886,350960283,4986,+2.55,36.80613793103448
20260303,39.3,39.85,39.15,39.6,4289882,169402580,3057,-0.05,36.75972413793104
20260304,39.15,39.25,38.1,38.1,5405667,209192862,3570,-1.50,35.36731034482759
20260305,38.5,39.2,38.3,38.4,3380069,130311639,3296,+0.30,35.64579310344828
20260306,38.4,38.5,38.0,38.1,1766794,67436868,2530,-0.30,35.36731034482759
20260309,36.85,37.45,36.6,37.05,3490266,129630713,3834,-1.05,34.39262068965517
20260310,37.9,38.15,37.1,37.15,2724565,102101721,3818,+0.10,34.48544827586207
20260311,37.2,37.45,37.2,37.2,1705690,63552168,1523,+0.05,34.531862068965516
20260312,37.0,37.75,36.85,37.75,2491717,92944943,1447,+0.55,35.04241379310345
20260313,37.35,37.7,37.2,37.7,1131227,42424454,1250,-0.05,34.996
20260316,37.6,37.8,37.3,37.35,1901599,71286158,1407,-0.35,34.671103448275865
20260317,37.4,37.75,37.25,37.75,1427149,53472079,1146,+0.40,35.04241379310345
20260318,37.75,38.2,37.6,38.2,2540010,96288582,1533,+0.45,35.46013793103449
20260319,37.75,38.0,37.3,37.95,3328169,125503692,2213,-0.25,35.228068965517245
20260320,37.9,38.2,37.6,38.2,3004358,114201092,1814,+0.25,35.46013793103449
20260323,37.3,38.15,37.05,38.1,2668643,100721800,1908,-0.10,35.36731034482759
20260324,38.3,38.4,37.25,38.2,2371590,89685788,1954,+0.10,35.46013793103449
20260325,38.35,38.9,37.8,38.9,4118025,158075689,3222,+0.70,36.109931034482756
20260326,39.0,39.0,37.75,37.8,2877800,110059795,2507,-1.10,35.0888275862069
20260327,37.75,37.75,37.25,37.35,1753660,65587337,1342,-0.45,34.671103448275865
20260330,37.1,37.4,36.8,36.8,1989465,73697027,1279,-0.55,34.160551724137925
20260331,36.6,36.8,35.5,35.8,7287990,262312109,3407,-1.00,33.23227586206896
20260401,36.4,36.4,35.7,35.9,3589965,128988202,1676,+0.10,33.32510344827586
20260402,36.0,36.2,35.55,35.65,1877622,67012689,1149,-0.25,33.09303448275862
20260407,35.8,36.1,35.65,35.95,3590339,129071682,1395,+0.30,33.371517241379316
20260408,36.3,37.0,36.05,36.8,2546162,93203639,1707,+0.85,34.160551724137925
20260409,36.7,37.0,36.55,36.7,1452129,53374442,1035,-0.10,34.06772413793104
20260410,36.7,36.95,36.45,36.55,1201037,43933516,1338,-0.15,33.92848275862069
20260413,36.35,36.4,36.05,36.1,1867549,67611252,1532,-0.45,33.51075862068966
20260414,36.25,36.75,36.0,36.75,3058574,111120696,1507,+0.65,34.114137931034485
20260415,36.55,36.55,36.05,36.15,1788332,64742482,1367,-0.60,33.557172413793104
20260416,36.4,36.4,35.9,35.9,2410542,86747845,1743,-0.25,33.32510344827586
20260417,36.0,36.0,35.7,35.85,1770362,63363991,1382,-0.05,33.278689655172414
20260420,35.8,36.1,35.75,36.0,1977508,71038395,1254,+0.15,33.417931034482756
20260421,36.15,36.4,36.0,36.4,2463026,89187679,1762,+0.40,33.78924137931034
20260422,36.4,36.55,36.1,36.55,2729938,99146186,1425,+0.15,33.92848275862069
20260423,36.55,36.55,35.65,36.0,2860240,102783982,2302,-0.55,33.417931034482756
20260424,36.0,36.0,35.4,35.7,2545137,90500528,1595,-0.30,33.13944827586207
20260427,35.55,35.55,35.2,35.45,1893043,66832460,1260,-0.25,32.90737931034483
20260428,35.5,35.6,35.3,35.4,1463448,51860399,999,-0.05,32.860965517241375
20260429,35.35,35.65,35.35,35.6,1687547,59979252,956,+0.20,33.04662068965517
20260430,35.7,35.75,35.2,35.25,2387124,84433828,1459,-0.35,32.721724137931034
20260504,35.3,35.3,35.0,35.05,2994761,104979503,1921,-0.20,32.53606896551724
20260505,35.05,35.05,34.6,34.7,3037634,105338166,2009,-0.35,32.21117241379311
20260506,34.9,34.9,34.25,34.7,2547992,88033262,1759, 0.00,32.21117241379311
20260507,34.55,35.0,34.5,35.0,1976265,68690263,1176,+0.30,32.48965517241379
20260508,35.0,35.2,34.65,34.75,2022384,70572879,1321,-0.25,32.257586206896555
20260511,34.95,35.1,34.75,34.8,1532149,53381334,1057,+0.05,32.303999999999995
20260512,34.8,34.8,34.4,34.6,2178602,75249056,1320,-0.20,32.118344827586206
20260513,34.45,34.45,34.15,34.4,2223765,76232030,1229,-0.20,31.93268965517241
20260514,34.2,34.3,34.0,34.2,1850964,63185624,1444,-0.20,31.74703448275862
20260515,34.1,34.15,33.85,34.15,2469107,84026960,1392,-0.05,31.70062068965517
20260518,33.85,34.3,33.7,34.2,2261912,77043204,1266,+0.05,31.74703448275862
20260519,34.05,34.75,34.05,34.65,2006189,69057779,1215,+0.45,32.16475862068965
20260520,34.4,34.75,34.35,34.75,1549855,53486702,1077,+0.10,32.257586206896555
20260521,34.7,35.15,34.55,34.85,1791789,62479876,1225,+0.10,32.35041379310345
20260522,34.85,35.05,34.6,34.65,1673271,58116513,1026,-0.20,32.16475862068965
20260525,34.85,35.1,34.3,35.1,2491487,86301014,1270,+0.45,32.58248275862069
20260526,35.1,35.3,34.65,35.1,1590756,55604140,1043, 0.00,32.58248275862069
20260527,35.0,35.0,34.65,34.95,1991527,69254624,1105,-0.15,32.443241379310344
20260528,34.95,34.95,34.5,34.5,2045543,70759710,1299,-0.45,32.02551724137931
20260529,34.8,35.15,34.6,34.6,3489052,121749414,2178,+0.10,32.118344827586206
20260601,34.95,35.65,34.95,35.5,3251652,114838999,2344,+0.90,32.95379310344828
20260602,35.6,35.8,35.2,35.2,3748557,132865808,3010,-0.30,32.67531034482759
20260603,35.5,36.05,35.35,35.9,4775773,170620427,2598,+0.70,33.32510344827586
20260604,35.9,36.3,35.75,36.0,3352280,120823233,2032,+0.10,33.417931034482756
20260605,36.15,36.7,35.8,36.3,4459675,162425726,2324,+0.30,33.696413793103446
20260608,35.6,36.05,35.3,35.4,3601810,128533921,2005,-0.90,32.860965517241375
20260609,35.5,36.15,35.5,35.85,2929429,105130789,1607,+0.45,33.278689655172414
20260610,35.85,37.5,35.7,37.2,7933031,292655425,3667,+1.35,34.531862068965516
20260611,37.5,37.5,36.1,37.0,5554049,204041088,2468,-0.20,34.34620689655172
20260612,37.15,37.15,36.6,36.95,2978191,109741813,1618,-0.05,34.29979310344828
20260615,36.95,36.95,36.5,36.65,4183878,153413315,1916,-0.30,34.02131034482758
20260616,36.75,36.75,36.25,36.25,12208116,464014953,2902,-0.40,33.65
20260617,34.2,34.25,33.4,33.8,8345188,282407597,4114,X0.00,33.8
20260618,33.85,33.95,33.45,33.6,6356074,213767030,3274,-0.20,33.6
20260622,33.65,33.65,32.7,32.8,7781713,256514576,3816,-0.80,32.8
20260623,33.0,33.0,32.3,32.75,5588203,182045208,3002,-0.05,32.75
20260624,32.5,33.0,32.3,33.0,5290863,172759508,3512,+0.25,33.0
20260625,33.1,34.05,32.65,33.5,7113308,237756139,5305,+0.50,33.5
20260626,33.65,33.65,32.45,32.8,10137471,333956442,3408,-0.70,32.8
20260629,33.0,33.05,32.45,32.75,5352654,175070897,3507,-0.05,32.75
20260630,32.8,33.25,32.3,33.25,5239959,171654534,2529,+0.50,33.25
20260701,33.2,33.5,32.65,33.3,5427037,180028126,3239,+0.05,33.3
20260702,33.2,33.5,32.35,32.5,7349754,239985324,3573,-0.80,32.5
20260703,32.35,32.95,32.35,32.7,5437040,178266964,1983,+0.20,32.7
20260706,32.7,33.0,32.3,32.35,4703431,152967348,2234,-0.35,32.35
20260707,32.45,32.7,32.15,32.15,4850674,156885221,2318,-0.20,32.15
20260708,32.25,32.5,32.1,32.25,1585622,51126944,880,+0.10,32.25
20260709,32.3,32.3,32.05,32.1,1480822,47598750,963,-0.15,32.1
20260713,32.0,32.1,31.2,31.2,5459939,171941108,2839,-0.90,31.2
20260714,31.45,31.45,30.3,30.3,3594939,110236427,2251,-0.90,30.3
20260715,30.55,31.25,30.2,31.05,2528359,77796271,1209,+0.75,31.05
20260716,31.2,31.65,31.1,31.55,2339731,73514260,1035,+0.50,31.55
20260717,31.4,32.25,31.4,31.8,4141826,132400214,2070,+0.25,31.8
20260720,32.0,32.1,31.1,31.3,1908893,59889924,1239,-0.50,31.3
20260721,31.3,32.0,31.3,31.85,1366285,43464123,731,+0.55,31.85
20260722,31.7,32.0,31.2,31.2,2896929,90945855,1673,-0.65,31.2
20260723,31.45,31.45,31.15,31.4,1108109,34642067,577,+0.20,31.4
20260724,31.35,31.75,31.3,31.7,1526178,48078491,673,+0.30,31.7
20260727,31.9,31.95,31.6,31.9,1405334,44681737,921,+0.20,31.9
20260728,31.85,31.85,31.2,31.2,1668996,52337562,912,-0.70,31.2
20260729,31.65,31.75,30.8,31.55,3151174,98831169,2445,+0.35,31.55
20260730,31.7,32.05,31.25,31.85,1768334,55993337,1144,+0.30,31.85
20260731,31.85,32.2,31.2,31.2,3181810,100630803,1899,-0.65,31.2
20260803,31.25,31.65,31.15,31.5,1745970,54800554,1322,+0.30,31.5
20260804,31.1,31.25,30.7,30.75,4262625,131561143,2327,-0.75,30.75
20260805,30.85,30.95,30.25,30.35,3758920,114628850,2160,-0.40,30.35
20260806,30.3,30.65,30.2,30.4,2130611,64769084,1143,+0.05,30.4
20260807,30.4,31.0,30.15,30.75,5604015,170919014,2762,+0.35,30.75
20260810,30.9,30.95,30.45,30.95,1232464,37969295,918,+0.20,30.95
20260811,30.9,30.95,30.7,30.95,725246,22371770,583, 0.00,30.95
20260812,31.1,31.35,31.0,31.2,1571711,49041823,972,+0.25,31.2
20260813,31.4,31.4,30.85,31.15,1478098,45831535,817,-0.05,31.15
20260814,31.1,31.1,30.4,30.45,2684793,82128474,1422,-0.70,30.45
20260817,30.5,30.8,30.35,30.55,860962,26359359,556,+0.10,30.55
20260818,30.5,30.65,30.4,30.65,1063900,32455954,843,+0.10,30.65
20260819,30.55,30.85,30.35,30.6,1324841,40533888,781,-0.05,30.6
20260820,30.75,31.7,30.75,31.1,3645333,113928838,1711,+0.50,31.1
20260821,31.0,31.3,30.95,31.3,1398663,43539277,927,+0.20,31.3
20260824,31.35,32.0,31.3,31.9,1801406,57131645,1123,+0.60,31.9
20260825,31.95,32.55,31.75,31.85,2455972,78994666,1486,-0.05,31.85
20260826,31.9,32.15,31.45,32.1,1833656,58394921,1041,+0.25,32.1
20260827,32.05,32.25,31.6,31.95,1624102,51710100,1332,-0.15,31.95
20260828,31.9,31.9,31.45,31.7,1177753,37252303,692,-0.25,31.7
20260831,31.7,31.75,31.2,31.2,1779787,55718767,856,-0.50,31.2
20260901,31.1,31.6,31.1,31.45,901362,28344202,652,+0.25,31.45
20260902,31.45,31.5,31.15,31.4,752572,23578339,574,-0.05,31.4
20260903,31.3,31.55,31.3,31.5,1071527,33728735,556,+0.10,31.5
20260904,31.6,31.6,31.15,31.25,1164094,36403514,706,-0.25,31.25
20260907,31.5,31.5,31.1,31.3,999325,31215107,695,+0.05,31.3
20260908,31.4,31.6,31.25,31.6,928674,29223814,599,+0.30,31.6
20260909,31.35,31.6,31.3,31.55,586038,18414231,464,-0.05,31.55
20260910,31.3,31.5,31.25,31.45,524670,16459685,369,-0.10,31.45
20260911,31.3,31.55,31.3,31.3,596329,18704978,421,-0.15,31.3
20260914,31.5,31.5,30.95,30.95,1196185,37149971,864,-0.35,30.95
20260915,31.0,31.05,30.5,30.5,1858662,56974490,1241,-0.45,30.5
20260916,30.7,30.75,30.55,30.55,948202,29027021,611,+0.05,30.55
20260917,30.55,30.85,30.55,30.85,806886,24798533,607,+0.30,30.85
20260918,31.35,31.6,31.15,31.6,2210788,69368996,1107,+0.75,31.6
20260921,31.35,31.35,30.8,31.1,2032047,62910154,1227,-0.50,31.1
20260922,31.15,31.15,30.7,31.15,1769491,54651047,1067,+0.05,31.15
20260923,31.1,31.1,30.6,31.1,1727007,53185572,1106,-0.05,31.1
20260924,30.85,30.9,30.55,30.9,1456108,44705131,888,-0.20,30.9
20260929,30.9,30.9,30.5,30.55,2041127,62479753,1064,-0.35,30.55
20260930,30.7,30.75,30.45,30.65,1251684,38301511,699,+0.10,30.65
